490 104
619 618
1173 249
351 128
620 617
492 237
176 154
1667 581
106 102
520 211
559 466
210 65
68 16
636 59
1575 396
438 296
635 176
296 81
336 3
1430 46
954 45
178 149
1451 331
1316 1077
842 233
1667 665
217 47
879 44
277 137
730 495
1101 238
724 254
499 483
248 165
664 157
1447 45
1094 54
773 237
474 40
1469 159
88 78
558 176
237 5
484 439
698 536
665 46
379 132
649 137
1084 711
1106 273
458 439
1146 748
942 554
936 102
614 526
273 263
972 26
617 238
1430 45
831 515
1180 1178
494 347
1187 184
1605 461
788 373
244 61
599 190
1477 438
508 261
1022 438
964 914
802 48
1340 665
606 80
1778 371
314 157
208 96
727 507
1267 822
505 483
728 497
1565 149
375 177
1039 246
47 43
724 495
46 10
1109 54
754 373
261 217
1431 47
727 593
1031 824
162 122
494 260
481 480
313 3
460 100
691 537
90 65
377 263
525 440
1116 3
790 373
118 52
725 168
1339 665
1130 808
494 375
222 65
988 237
298 52
564 177
439 2
888 763
1298 746
1250 252
1275 185
618 168
799 634
1384 296
1309 54
1085 348
1193 251
238 117
833 44
766 117
297 52
654 237
488 483
445 434
495 54
410 169
1664 181
465 2
651 178
1681 169
380 359
892 491
1711 383
195 177
497 102
1717 1312
1083 102
589 577
176 149
1653 8
636 263
909 203
588 358
496 246
195 3
379 134
659 433
482 208
727 276
1819 881
1413 940
724 255
831 827
751 136
1091 625
1309 615
1342 102
491 299
833 296
1085 346
988 795
1031 825
69 2
795 151
1324 176
16 13
125 48
475 36
837 238
1071 290
368 354
179 158
1446 46
1724 44
1142 1086
1381 278
1688 170
1015 137
377 45
1092 347
242 117
1000 25
1403 3
1302 554
681 636
542 415
1738 677
160 149
1573 85
251 48
1586 636
1260 252
1006 867
983 334
335 327
1546 374
429 223
1084 349
472 79
890 169
171 149
773 585
1793 439
636 23
725 314
1335 251
538 221
656 3
975 230
1047 767
1264 252
510 170
1324 237
441 347
1590 245
344 285
1221 510
266 63
517 483
1105 262
631 498
474 48
170 44
1076 52
206 96
516 488
1071 419
1499 1498
260 67
651 26
754 324
993 260
1082 348
650 177
1116 462
649 179
755 67
931 129
438 275
1147 474
1589 782
525 168
1020 348
804 626
888 169
1213 1103
1581 936
794 479
1398 176
956 136
1595 688
940 53
1077 45
356 105
699 24
612 251
1087 346
1575 85
390 47
1475 237
1105 361
538 397
819 396
1039 556
1107 1106
67 66
809 687
1552 703
1607 238
617 121
581 238
1133 262
1022 375
509 46
1208 442
1605 462
900 669
601 474
445 429
1034 825
603 277
132 102
1464 510
727 510
1146 474
193 161
515 46
445 433
329 327
1190 402
631 491
491 76
189 137
237 44
492 349
49 44
687 537
563 557
123 30
988 10
1711 193
1687 576
1250 665
379 128
912 756
346 136
542 454
1106 550
803 48
937 563
742 484
1157 420
912 44
470 303
1449 45
1430 48
920 265
1251 252
1254 536
831 658
1318 237
1530 152
96 27
925 347
1337 251
254 177
479 259
134 3
664 259
352 112
798 635
371 370
1190 399
1858 237
444 348
59 48
495 390
156 7
380 131
112 69
1519 636
927 238
1661 1159
749 439
852 467
853 87
222 140
988 581
293 287
775 102
513 157
483 466
844 515
125 45
458 149
740 438
1325 356
636 332
145 132
260 59
371 169
843 375
677 576
263 221
804 140
1044 437
67 45
742 737
157 2
453 123
268 251
727 609
1075 471
726 168
726 53
773 373
1444 47
1436 44
169 33
509 48
931 126
773 104
850 298
468 310
129 2
1424 274
176 92
471 456
377 54
1161 420
634 45
988 794
492 211
586 565
1313 458
568 176
712 293
1177 350
1027 238
1168 537
384 126
1352 1348
860 788
495 195
5 1
331 91
356 118
1188 760
1566 375
554 380
717 26
1265 649
779 118
1226 622
1506 140
725 238
1374 124
1235 1047
674 111
1788 1246
540 30
593 168
1040 935
1013 251
217 48
1415 940
733 495
832 511
649 244
1224 135
136 104
793 352
649 503
1191 404
97 90
1177 203
1539 439
580 159
1147 81
495 158
894 145
491 356
694 123
811 692
371 295
119 8
1126 629
172 48
1083 1043
773 49
1591 562
1747 169
1017 80
277 140
1236 45
484 118
128 102
1184 1137
551 104
768 387
245 237
798 165
988 178
776 106
378 123
572 257
50 43
1003 8
1413 374
137 25
510 492
403 401
975 268
1438 45
648 647
542 299
1393 3
725 197
498 238
1092 346
942 458
1200 460
1798 1291
1068 698
548 371
237 58
1025 238
1251 820
246 122
1003 782
316 101
254 239
510 237
1218 1217
1552 229
1065 177
988 149
507 195
537 523
922 259
925 10
261 48
973 237
797 449
1451 46
1320 543
677 466
1307 374
252 93
621 102
552 466
249 45
515 23
1081 624
921 265
87 83
466 460
316 163
150 48
1711 245
1160 421
177 161
903 841
275 47
1102 45
1167 297
1400 3
836 238
763 168
1389 1043
568 48
102 42
374 273
378 176
357 44
1489 1471
371 237
495 483
1308 940
1023 1002
491 158
790 204
160 137
541 477
536 58
511 245
484 111
567 314
123 63
654 193
700 29
459 457
1236 465
1638 40
140 58
1604 344
1297 1295
471 79
927 240
1355 91
773 582
143 3
650 514
174 48
1549 110
551 44
371 364
756 621
1301 115
923 325
219 66
497 157
1574 85
275 143
279 197
256 5
313 130
468 294
511 483
237 61
278 30
1704 512
775 103
1015 246
492 149
474 34
932 44
835 515
784 781
352 134
717 574
649 136
211 30
590 479
320 96
797 23
80 77
1065 594
649 170
726 557
486 366
1662 87
753 740
1510 147
279 28
1313 581
3 2
777 466
298 37
792 552
1306 664
1323 465
1306 573
593 177
740 614
63 19
374 132
243 237
667 91
1812 45
468 85
76 4
1652 8
833 316
792 351
1688 169
510 316
575 571
278 140
383 265
1184 145
581 161
1216 1215
468 304
1446 47
1014 278
753 211
790 23
1231 1179
308 79
876 237
178 137
1334 223
930 238
617 164
973 459
726 348
263 77
379 133
577 571
223 185
719 27
742 47
1590 552
613 165
797 385
66 17
321 94
932 47
551 53
665 259
1390 65
413 350
1321 169
336 237
914 17
379 129
28 22
667 95
402 65
1045 441
741 53
1117 102
1073 669
178 140
831 296
507 244
782 458
15 12
1374 536
606 456
383 46
1710 615
238 103
1378 535
356 296
537 30
533 375
565 498
711 255
888 385
1316 237
914 15
1070 404
467 33
540 477
776 104
374 2
416 413
465 463
1071 889
295 44
684 169
1572 396
932 274
458 191
240 62
965 914
382 132
266 64
1713 1037
152 109
890 109
680 438
1491 114
691 686
608 260
1518 912
562 356
1482 75
493 193
798 166
1177 131
918 65
1633 546
580 167
509 313
807 176
261 187
651 465
606 124
495 76
888 260
1377 325
1091 245
682 537
594 356
942 526
651 508
722 29
581 107
376 237
1267 80
1106 443
854 158
27 22
263 143
1659 411
509 492
1611 472
1056 335
1311 53
645 2
912 509
187 118
1300 80
1182 356
346 69
320 48
1568 356
212 66
711 124
314 195
420 257
1435 46
211 3
498 58
695 537
903 511
1142 562
624 554
262 191
579 136
1016 274
1475 8
195 194
1021 443
681 505
793 479
274 244
1406 8
152 3
1366 907
503 158
233 165
749 581
1571 396
986 651
1482 195
468 311
351 129
790 384
1293 593
1465 114
1311 42
1096 376
1582 546
1135 321
623 495
344 286
895 331
788 331
1312 117
934 70
563 510
1572 85
1719 110
888 479
1132 238
416 408
54 25
522 65
465 167
828 196
725 323
309 63
592 474
539 476
889 420
627 262
1776 560
542 298
1370 65
615 490
296 295
1550 804
377 356
1315 53
1020 1019
239 238
626 265
536 303
929 750
892 378
752 525
1412 726
676 572
773 559
761 86
1289 979
107 98
1024 665
1331 579
473 40
238 2
439 262
681 491
290 64
602 474
496 356
636 495
678 402
1107 740
1170 298
488 465
507 263
511 170
368 252
1014 238
221 96
536 92
1452 223
1329 323
451 450
483 465
882 45
371 137
292 188
736 495
1103 198
352 57
1563 1562
1803 448
511 237
512 504
761 88
1166 298
177 127
1309 53
490 62
1039 247
496 123
831 153
208 66
930 242
542 85
558 518
331 191
1058 780
535 137
135 76
609 176
262 64
798 631
498 195
557 110
1156 419
494 77
278 8
1504 467
841 459
574 66
521 204
662 421
672 188
421 417
385 193
1682 460
557 237
519 211
577 544
886 885
1295 745
1239 76
1695 66
260 167
1304 572
483 99
280 64
336 203
380 238
1403 179
1350 237
1058 420
946 292
358 111
1075 397
172 9
1422 275
940 375
406 401
679 137
359 221
1614 945
726 3
358 99
685 539
1557 401
1554 703
198 65
649 120
727 244
651 464
800 44
465 187
773 111
582 108
1250 261
1653 726
71 64
819 85
749 438
493 54
748 359
804 23
1015 179
1192 976
728 493
221 203
1017 255
494 102
493 253
470 302
844 11
668 629
460 145
668 253
561 556
537 467
700 456
642 371
649 498
740 211
773 241
356 233
773 554
988 356
1394 179
907 168
631 497
796 251
570 421
1168 87
296 123
1559 1135
683 456
618 356
1312 353
187 117
245 145
460 144
304 63
913 482
296 63
1012 603
606 473
757 403
1560 156
1573 397
1037 820
438 30
1453 228
251 27
700 538
1182 623
509 237
69 63
491 44
475 33
644 347
659 447
135 77
53 8
493 247
1418 359
928 242
438 237
614 562
150 109
729 495
1044 442
375 278
563 362
1348 1195
483 246
274 193
1213 149
1018 474
344 295
702 229
59 45
509 494
575 251
422 87
654 168
291 64
582 377
715 25
203 132
38 34
740 613
251 210
511 44
888 515
911 329
649 3
782 582
565 508
467 410
773 321
402 401
557 238
313 237
1306 575
438 276
567 504
465 244
551 238
1360 143
207 66
567 46
253 203
234 167
1412 110
701 541
690 538
456 169
374 127
879 511
812 690
62 46
728 494
1074 153
1453 223
1247 1107
581 168
814 691
1719 581
1003 53
1406 168
541 40
699 23
1515 228
373 132
103 10
491 46
1044 441
649 633
277 178
572 96
1339 664
1388 1377
667 475
731 491
988 793
789 384
538 85
888 158
472 33
187 186
260 179
368 363
103 59
1313 102
700 30
577 492
909 751
348 71
1799 352
691 605
1479 238
1151 419
693 123
1354 512
652 53
1351 237
1312 554
559 356
855 110
104 10
68 17
1001 53
1014 110
909 325
1102 47
1489 629
1193 1192
325 178
833 586
217 44
278 23
1380 648
605 470
1551 467
72 45
847 87
863 263
557 465
233 232
475 253
1696 65
137 72
483 115
331 171
1530 336
157 58
380 251
629 359
201 45
492 246
274 177
439 377
913 65
381 127
724 493
196 185
375 127
244 46
134 102
1392 329
418 23
511 104
231 65
911 245
727 126
484 483
521 59
423 328
544 523
911 193
983 281
507 193
990 983
861 860
504 158
377 375
773 8
776 348
1761 249
1439 47
624 316
729 494
401 398
85 64
136 118
749 53
547 546
356 158
372 129
642 471
800 465
255 238
755 360
923 911
1597 45
254 94
392 47
492 131
179 17
579 102
579 252
438 177
197 97
1476 211
783 375
414 188
1399 178
1393 177
1608 237
866 45
607 316
1316 54
1554 706
666 446
577 521
998 298
1373 153
1376 432
916 65
897 9
1406 211
143 128
560 465
281 193
259 153
1480 358
981 44
800 47
5 3
1453 205
1086 237
238 44
796 252
917 65
582 458
292 287
57 51
152 11
1383 181
1736 149
636 145
117 111
678 404
742 260
888 751
1701 331
199 65
730 458
731 508
832 47
1014 603
536 477
195 115
390 201
1102 137
596 190
728 651
1422 276
534 523
651 177
1309 111
627 444
460 136
982 253
1336 251
1134 276
1459 1458
1092 623
523 471
507 155
789 658
1844 52
498 356
313 111
359 46
380 53
1163 420
910 727
681 504
87 78
1478 439
476 37
149 2
225 185
1402 3
1441 1200
1169 297
356 160
690 123
493 255
1392 909
660 431
1606 459
144 117
607 438
371 293
565 160
1218 193
911 465
798 633
128 98
1444 44
774 466
577 496
1372 124
259 65
759 209
490 313
787 649
934 741
372 143
498 348
1312 751
542 303
642 87
1419 274
551 241
895 339
889 681
570 569
607 140
483 275
326 248
920 390
1574 137
484 197
458 378
264 46
176 158
471 85
635 630
651 499
1056 230
888 625
607 375
362 345
655 262
808 692
726 129
1312 383
740 550
438 262
1445 45
975 251
1143 238
1177 377
341 318
1187 355
1040 904
483 111
898 145
642 297
1552 706
1129 808
903 509
136 98
1259 255
824 137
352 166
247 122
909 374
667 474
464 378
739 238
383 129
318 176
690 278
324 168
588 176
1423 244
791 552
1075 453
1673 110
541 299
493 76
730 491
808 696
841 840
938 904
1067 245
494 178
169 89
176 137
1103 137
716 25
82 78
497 195
711 253
213 97
1590 358
1824 461
1251 80
659 428
377 126
1473 296
831 256
768 168
260 245
401 399
609 420
291 204
538 454
1131 263
537 58
743 150
1684 512
725 498
477 39
908 168
562 160
681 497
1303 724
1557 1037
354 301
1248 550
508 46
109 44
1048 158
719 30
460 237
310 303
1201 53
552 499
581 240
1326 245
609 179
942 623
201 169
119 3
997 297
1207 1096
176 26
1159 421
727 610
909 438
727 238
689 124
1392 176
535 169
1077 439
114 69
158 110
1015 247
1015 514
491 391
1115 396
498 193
1521 751
543 158
1712 211
650 87
852 87
1133 782
896 193
358 351
528 525
840 234
1443 44
504 157
542 477
649 118
356 240
930 244
888 257
323 179
237 136
145 127
689 538
1572 397
476 87
1388 324
323 279
822 401
1226 70
666 629
931 348
1016 509
729 498
1115 454
237 166
496 439
198 169
68 66
1463 1462
1135 559
190 189
911 176
1046 347
798 789
1470 360
1282 1149
770 8
108 26
1391 177
683 124
907 237
761 44
1249 550
636 261
854 87
1610 418
1084 58
773 729
1118 536
1089 349
1557 1268
301 64
263 191
258 66
727 259
1266 472
1763 260
53 25
733 507
494 195
1650 176
205 97
497 261
377 127
324 94
758 209
557 377
1807 1499
203 97
846 492
942 375
179 92
831 152
989 397
718 23
1361 124
756 47
508 168
333 275
542 297
1026 237
1488 667
61 60
466 5
347 3
1667 557
278 58
466 72
1236 168
419 296
1086 347
1688 296
134 46
1662 169
1314 614
1013 796
986 111
888 652
740 54
262 143
331 330
492 195
617 165
730 492
1547 1506
926 242
1688 11
1016 511
808 693
1468 360
538 169
118 87
889 145
1082 1076
503 111
581 562
159 154
179 9
1438 44
1173 550
1467 789
510 119
568 157
815 692
551 211
404 400
810 694
1236 177
776 487
660 430
1148 169
1429 331
322 158
556 373
895 332
498 335
1263 829
563 438
258 96
99 46
65 27
642 3
1303 179
441 53
1208 376
434 169
252 176
1021 238
118 26
1102 892
323 169
16 12
1540 110
797 420
702 86
526 523
965 68
629 117
710 300
1693 87
877 876
1664 110
711 464
1455 145
600 479
256 254
447 87
622 617
1282 23
573 479
726 347
1200 145
439 178
292 165
787 540
581 563
351 164
725 490
650 501
145 142
535 156
265 262
1581 460
469 302
571 259
407 401
471 419
432 251
928 346
556 551
1400 521
323 318
242 239
1019 988
1086 69
568 158
1452 228
1516 562
1449 46
651 502
1083 348
762 168
156 99
385 192
974 896
1071 371
727 508
588 244
791 419
801 44
1293 845
402 324
659 434
737 567
1056 152
777 238
149 123
253 94
642 337
484 375
66 18
590 474
123 118
1023 510
1669 65
177 91
660 433
494 245
1359 3
937 934
1261 238
945 943
1337 1158
1173 274
374 130
380 344
904 527
566 203
1705 512
636 349
438 361
351 163
1782 1313
739 737
496 157
1606 461
761 465
1086 114
459 348
494 246
1626 65
1836 621
349 57
323 319
910 170
772 771
255 85
889 358
844 658
260 77
835 149
188 171
44 43
574 95
497 349
1537 579
473 37
118 89
625 265
1794 438
809 692
665 575
1066 766
711 243
809 694
1564 277
603 169
966 918
782 552
501 117
678 405
564 176
91 75
968 26
568 506
1021 1020
67 63
942 53
730 507
244 140
333 318
419 216
148 108
1258 254
750 438
626 617
722 23
200 65
805 567
318 152
468 80
86 78
1461 562
680 375
1674 110
358 276
201 97
733 47
691 467
1597 462
727 344
644 71
1312 53
203 130
492 244
585 577
942 552
515 149
295 47
847 467
273 262
138 118
1651 1208
726 356
624 157
1755 1198
512 505
1019 441
674 257
87 64
843 438
580 187
1765 260
1442 48
636 498
137 3
385 276
515 168
889 237
494 391
494 157
684 456
510 44
756 375
296 229
1372 169
479 478
85 78
1262 253
775 511
496 59
347 103
234 232
492 347
860 360
681 499
536 40
1078 347
1106 275
701 123
590 577
1508 356
168 55
509 244
1433 46
240 168
295 45
1282 47
65 19
1379 535
1067 244
664 46
458 119
176 59
263 76
928 240
169 81
574 65
726 128
701 15
493 391
1249 1107
323 158
749 110
459 168
375 53
456 221
930 240
356 119
656 48
657 256
696 539
639 378
649 634
987 603
1049 504
1314 53
531 523
405 398
1128 808
375 130
1050 298
721 27
265 47
1265 479
244 47
615 101
975 26
553 54
941 374
1314 237
1213 790
912 730
506 3
454 278
382 261
664 258
498 244
148 109
509 170
261 76
244 10
1152 293
1169 298
1453 27
1581 935
932 242
621 168
664 572
1433 47
293 165
883 47
386 178
652 161
178 2
269 63
959 261
279 77
517 273
358 237
558 437
1232 211
693 278
1373 535
121 10
1138 48
1399 521
975 123
551 165
982 44
250 169
873 869
320 319
442 54
72 44
420 296
841 70
1312 118
240 110
62 45
1565 845
458 438
727 496
717 259
1455 324
930 375
1386 17
381 134
101 44
994 788
494 313
1728 293
106 98
483 238
850 467
1039 458
828 253
651 500
1304 258
807 177
1065 3
1004 110
783 458
684 123
1370 123
977 58
1116 316
466 46
581 577
997 298
510 495
1314 1095
437 316
231 97
357 23
1018 58
249 165
466 9
1169 23
1624 1623
1404 846
730 515
573 95
1087 644
985 984
711 466
1210 168
97 73
534 439
639 638
167 159
472 37
577 102
511 460
1122 400
241 238
177 15
68 63
1032 67
582 103
1578 753
467 35
1313 164
798 790
712 369
362 203
118 59
565 491
63 59
168 46
245 62
931 794
437 126
990 291
292 290
1591 552
1645 648
660 230
509 160
579 501
359 204
328 321
918 482
1016 44
471 469
783 552
507 375
903 102
1077 8
1015 467
373 330
788 403
1186 403
1790 1397
988 783
1572 454
673 414
477 124
387 348
495 439
344 293
1500 249
438 377
776 108
459 238
465 72
988 466
163 117
1453 225
579 502
111 102
195 176
507 277
534 378
852 169
1649 238
573 145
765 117
649 495
636 46
1254 400
1141 121
201 44
490 238
348 8
160 23
888 498
21 12
54 2
356 176
1147 178
1661 411
500 118
525 523
519 140
93 75
1553 707
519 483
352 113
149 3
778 153
472 470
319 197
716 23
441 348
380 128
932 644
651 497
912 45
815 691
492 439
276 177
273 64
1490 1020
1094 164
692 169
1533 1292
697 540
59 3
1420 276
552 193
117 52
731 260
511 102
688 124
179 16
1332 291
96 75
727 379
1214 1103
622 42
577 494
495 313
836 236
1730 559
438 263
1057 474
1189 759
204 46
347 128
650 160
761 81
468 301
669 471
168 158
233 167
577 552
973 176
498 158
1235 920
337 251
724 492
498 245
1370 796
1395 3
1139 791
688 123
896 179
492 127
1094 165
163 154
601 577
1093 260
568 512
387 349
179 58
717 24
1490 1002
1324 466
384 137
683 188
1709 484
806 168
1713 188
84 78
118 88
496 245
796 460
494 411
182 65
1533 102
241 237
1381 178
942 237
495 245
802 565
868 102
1167 299
483 296
726 587
728 649
1740 460
844 828
577 356
606 467
494 176
565 275
1201 127
1437 45
384 131
1417 168
244 48
558 2
748 629
726 497
844 153
214 66
176 157
1171 169
123 82
1361 123
296 137
1418 275
888 460
68 47
667 23
1396 176
633 332
1065 179
1067 193
347 122
503 483
929 356
1377 77
903 751
1577 432
1203 137
941 53
993 419
568 177
1135 322
483 177
1452 225
215 65
1267 446
363 87
651 160
727 552
324 76
809 690
1411 579
1106 238
505 158
312 66
1201 128
1122 821
1393 178
1312 557
423 422
911 466
1014 137
1148 76
1269 153
1023 1003
331 93
1204 336
1696 66
912 23
940 554
727 554
176 16
1127 814
379 46
1424 276
458 110
1028 673
329 325
237 76
802 566
831 326
1636 40
1453 196
279 26
346 236
580 176
782 741
403 208
1313 165
681 680
493 137
579 9
774 104
833 371
644 10
539 40
1268 820
446 203
211 97
1371 535
1230 712
749 525
245 2
349 237
1091 348
298 145
892 89
828 249
1531 102
292 88
559 465
1255 460
1207 376
1701 188
260 193
523 52
971 175
1100 237
721 30
1086 112
1253 237
493 261
912 767
930 110
1396 726
358 10
742 48
681 137
556 23
331 123
1389 102
373 134
1564 149
494 76
1442 387
277 263
323 178
169 140
212 65
148 140
1439 46
537 92
325 256
144 48
600 190
661 431
412 237
1549 322
1070 251
1720 415
400 399
1611 87
594 177
1017 889
479 174
373 244
351 134
1608 164
651 507
1012 375
1323 245
551 527
149 140
634 332
168 118
751 102
1731 1678
492 250
1116 178
557 551
903 238
437 348
1172 299
920 383
1848 149
1052 251
256 253
333 276
539 415
347 23
1447 44
1581 1314
825 823
1106 274
879 58
773 107
652 118
1100 8
1379 153
1748 87
276 58
782 375
516 158
664 95
774 26
1016 262
1338 897
414 408
652 193
1003 439
467 363
273 47
810 687
1091 1042
973 238
62 48
96 63
988 438
1086 644
1606 237
721 28
687 538
491 244
1541 260
150 140
649 281
710 297
577 498
493 483
260 177
551 107
922 574
383 360
732 495
568 3
664 574
1567 251
537 40
298 93
273 203
1308 53
1187 183
1711 203
472 35
347 69
848 467
841 45
376 238
325 247
1310 749
122 62
1365 396
779 593
874 281
62 3
726 492
1576 432
136 2
1101 1100
140 26
250 140
512 325
725 115
778 123
1592 257
387 238
805 568
1323 193
565 45
1477 439
731 170
358 244
1302 53
779 168
261 45
711 140
1606 238
1552 705
1192 260
220 65
1322 987
166 159
833 261
594 45
1142 237
1254 124
1359 1358
177 160
1023 1001
357 109
169 37
376 54
1465 379
876 493
1667 664
1081 356
488 460
1312 377
1674 438
553 551
607 81
618 357
1474 378
729 492
696 278
330 23
511 313
488 461
1026 114
502 111
1023 438
678 403
798 164
623 618
1260 1167
1239 52
1215 552
1384 136
345 40
332 318
154 3
273 193
258 257
566 45
383 130
540 85
701 27
458 2
1142 23
1549 238
659 424
577 160
649 237
536 279
676 258
438 137
194 93
957 3
330 188
123 85
739 237
126 9
728 507
633 117
537 221
696 538
611 243
1569 1327
596 135
577 497
1732 4
791 204
510 110
727 274
1248 1110
1585 648
498 483
1122 472
1011 1007
661 429
991 300
606 538
1153 420
750 238
360 345
1330 156
1376 123
1696 1480
636 44
649 603
1479 356
134 9
509 483
866 459
492 128
484 117
1365 137
339 251
1033 67
1342 324
659 430
293 251
385 132
1366 563
352 348
773 580
841 726
1670 23
660 448
311 79
749 557
358 273
1535 102
721 23
838 236
684 467
577 438
279 30
468 171
848 371
724 252
1442 46
483 247
509 493
607 296
845 828
576 572
654 161
759 757
579 149
475 299
498 157
1539 621
669 278
466 99
254 111
653 160
1328 834
1566 110
1261 253
570 419
812 693
1626 96
1762 261
552 501
1396 179
460 257
193 140
727 140
100 44
551 102
699 538
1607 762
651 498
787 541
275 63
802 568
72 46
552 54
458 100
1305 258
701 29
1253 888
636 497
495 392
883 882
285 64
448 268
1374 79
510 498
993 292
562 458
627 150
864 44
905 751
515 165
909 376
881 169
1257 845
1138 793
686 278
1311 554
711 278
1313 582
651 161
838 238
296 211
762 389
211 112
1144 260
435 422
263 187
1540 622
370 251
682 254
639 44
562 244
55 53
208 97
566 505
578 491
1140 461
884 882
1490 782
1084 347
697 539
359 345
1142 238
2 1
1592 552
895 664
523 58
356 161
512 466
245 161
485 352
218 66
195 179
313 153
372 145
375 296
642 299
590 190
983 485
912 731
1641 293
1379 197
1519 110
527 357
961 960
614 238
137 87
1421 273
1232 677
604 238
726 582
1309 554
796 203
143 142
1152 419
1781 1455
238 115
437 127
562 515
1117 587
151 148
417 292
988 439
1233 169
715 26
1202 87
850 472
888 373
1374 278
323 111
988 177
983 198
841 234
515 359
1648 238
444 349
171 137
149 11
498 346
1460 140
295 261
532 262
211 177
542 279
1253 274
230 97
849 169
1613 331
1118 123
973 168
932 909
1084 346
268 169
652 117
372 127
1247 102
190 137
251 166
1024 750
808 694
1263 252
356 131
518 45
579 488
342 318
508 356
567 260
577 8
301 87
1001 782
1075 454
1637 40
1429 45
92 3
326 257
182 66
903 25
1700 316
1094 163
1717 560
792 352
439 30
1383 795
143 126
447 198
1500 987
1039 3
1537 725
1073 578
1288 76
1400 170
359 331
537 303
789 331
942 756
156 154
373 357
160 154
377 130
510 497
539 477
727 587
167 118
675 126
1490 375
346 70
376 331
1075 396
1606 460
1430 2
1004 347
1134 359
803 136
351 346
196 64
1469 360
203 126
1359 176
302 79
25 22
296 170
719 24
540 279
722 30
576 575
384 330
1017 252
465 125
349 46
828 326
828 471
327 179
828 277
1253 112
169 36
1108 740
1322 543
839 233
1554 704
1293 464
274 203
1476 438
421 229
725 2
607 59
139 58
488 347
168 3
1073 471
1550 260
494 349
849 371
649 508
468 309
502 44
466 109
1447 244
264 262
662 419
200 66
295 168
890 681
807 741
362 359
970 333
1526 1525
378 102
179 149
497 246
1430 47
970 263
158 137
360 204
1469 789
1100 327
316 100
477 33
1327 888
518 8
1439 45
1213 45
888 384
1764 260
1434 44
711 534
1208 458
1158 712
1748 371
658 657
237 152
963 917
214 65
832 44
782 740
1590 244
809 691
789 204
1071 420
1250 735
239 237
561 459
814 687
554 458
1039 119
661 430
458 136
919 530
316 166
621 30
505 162
623 237
988 346
195 178
1597 118
1035 824
707 296
1809 23
973 178
765 466
181 179
785 781
402 398
541 397
1419 275
1016 263
1402 179
351 263
564 179
296 230
386 260
278 149
608 123
689 539
1588 352
349 122
1304 573
841 237
1044 375
403 400
683 278
568 314
383 376
220 76
347 126
325 179
1485 446
1464 238
465 356
1325 168
1050 300
911 3
3 1
1531 238
117 87
1018 59
668 91
762 117
1045 437
1340 664
469 169
600 135
1442 389
893 359
828 254
132 3
621 252
761 257
564 512
1683 237
373 110
326 318
66 27
763 607
59 46
682 456
686 456
352 129
1313 44
501 483
1672 16
1565 1455
4 1
273 143
1156 411
931 554
244 44
895 91
1336 1335
314 122
67 16
25 10
828 827
1345 844
176 48
497 356
1741 1620
697 278
761 58
601 479
150 45
251 237
1553 703
322 279
1063 1059
890 727
359 23
124 85
1139 262
751 525
228 66
1419 509
1364 1250
1402 178
1313 166
911 99
1138 68
1392 3
349 244
484 8
1508 460
558 165
1095 1094
848 87
789 373
1273 185
1344 1223
528 237
113 57
474 203
607 577
373 127
1840 140
201 47
509 458
518 508
914 910
1254 255
178 143
295 64
608 577
711 254
493 102
1079 347
445 87
1097 27
150 103
831 593
161 154
325 246
930 485
1630 1600
501 158
831 330
955 494
538 82
1418 274
897 330
580 493
635 492
68 21
761 562
1292 593
752 484
1554 705
1747 184
630 460
849 828
1613 383
577 379
749 10
179 15
281 245
773 2
1136 509
1371 153
644 262
556 2
1023 511
1383 316
578 238
1045 440
118 83
190 170
715 30
982 137
1329 173
16 14
1383 644
1118 124
384 360
35 32
484 103
568 44
727 253
1502 941
804 567
343 87
144 45
694 537
510 104
896 176
777 104
509 491
1039 177
1236 3
606 39
345 262
685 124
1097 82
378 132
210 97
420 229
538 375
358 160
110 104
510 195
592 190
1074 87
536 85
613 101
934 904
1252 253
735 575
421 293
622 618
740 238
1077 711
697 537
187 62
1130 811
731 495
248 239
1286 46
493 244
940 238
773 320
890 145
909 763
516 439
507 300
397 123
194 177
577 137
727 495
1432 46
1280 68
749 119
1323 237
715 27
1252 255
228 96
750 57
1538 158
844 256
686 169
1461 1213
932 276
260 68
483 2
832 45
1369 1368
1544 169
950 949
1084 378
138 44
773 380
528 523
491 392
938 110
1516 1216
1413 942
989 3
316 237
507 238
711 346
928 110
1020 352
1735 256
1486 1260
712 258
204 65
1264 87
891 711
1045 211
725 495
173 170
490 356
1457 117
473 33
563 40
1091 626
649 484
245 61
114 57
912 122
1019 941
895 92
777 106
1062 1059
615 526
1715 950
1590 509
171 79
1401 370
1167 300
136 107
383 132
671 621
1370 278
546 317
776 107
1286 44
484 241
651 176
774 108
261 63
377 238
803 567
763 137
1092 163
420 157
1184 261
327 3
643 117
1087 348
762 238
112 57
727 273
988 176
203 128
1401 998
493 168
1787 1061
380 276
287 63
1174 988
462 99
203 131
969 26
780 316
276 237
1383 354
731 498
247 47
1655 420
1241 1240
458 316
351 345
1533 528
275 46
246 217
1591 578
507 46
75 66
257 118
656 179
1100 352
850 828
403 398
655 100
297 93
468 306
1577 433
773 145
472 36
578 497
1084 348
429 205
726 508
912 149
888 614
465 9
1417 1349
397 278
1796 909
508 313
419 181
1707 484
1781 1762
1057 515
553 53
586 509
551 167
1502 374
327 178
378 131
246 157
1478 711
945 334
1770 1658
681 356
1021 237
673 672
325 177
1423 245
561 484
851 169
368 367
1743 1565
483 274
424 422
1261 252
1420 273
1675 749
502 168
624 495
329 5
941 782
226 199
515 277
775 509
470 305
1476 378
1746 169
347 176
1154 420
277 177
811 694
800 121
242 240
324 244
203 65
1097 467
893 145
160 118
788 23
418 170
169 38
749 164
1145 145
1849 621
1253 273
320 94
1370 535
789 188
1195 447
1064 10
876 53
143 133
320 111
164 159
826 23
782 557
1310 55
543 195
1801 1791
136 117
658 371
1213 359
1255 578
1136 511
158 26
749 376
373 238
749 52
1376 278
252 94
237 157
572 479
169 156
324 44
808 695
349 25
1287 1121
1355 95
1004 10
1688 65
384 132
890 842
1431 121
456 58
911 178
77 21
1377 76
378 136
510 9
505 465
841 44
377 262
1018 515
345 221
1286 157
897 145
837 233
387 217
988 102
522 316
649 168
552 535
1283 948
1484 1065
557 458
419 288
261 111
538 523
711 178
501 44
245 238
1238 474
475 297
813 692
1804 23
494 346
199 96
39 32
391 47
515 373
238 211
331 45
137 64
264 170
699 537
661 434
351 114
1046 444
1214 170
731 494
1448 45
359 274
262 46
1247 443
752 444
1538 157
1370 66
557 526
796 188
466 244
484 167
663 94
383 275
1429 47
1496 621
538 453
669 92
461 233
1795 375
927 241
1310 54
459 458
552 460
1023 211
347 46
234 164
909 654
1051 512
1020 741
1181 238
731 383
497 347
118 82
556 237
792 204
464 439
511 9
1826 1662
1238 124
1100 176
1427 1426
1094 237
515 383
179 143
672 416
1002 782
1628 58
472 34
493 254
621 176
776 349
1398 3
1221 509
907 459
346 168
230 87
580 491
1345 1223
1334 227
566 46
313 129
1119 20
261 64
883 512
506 178
495 438
1249 443
780 137
654 61
506 157
454 124
681 543
150 58
1350 238
413 353
507 47
908 841
1250 168
1528 420
1173 237
1710 1208
1209 787
925 349
691 536
375 2
474 80
606 278
803 568
508 152
692 536
802 567
1569 582
1477 711
1591 260
1632 371
67 64
177 48
766 640
498 438
1699 169
565 46
457 45
989 177
648 447
1470 359
515 45
13 12
747 474
938 54
249 239
551 166
892 439
497 313
517 158
966 915
239 62
349 23
109 59
544 64
1687 1092
178 121
435 169
485 245
438 160
65 26
356 178
371 256
511 495
1442 246
1133 263
579 567
789 260
1540 149
696 124
1479 44
738 737
509 47
1144 23
614 313
1177 383
614 164
1344 1222
1003 375
237 55
375 238
1249 1109
889 842
1718 1291
1351 512
445 423
237 110
461 236
217 66
1183 237
495 99
1490 931
616 484
466 45
1488 446
495 237
967 26
287 64
117 98
168 160
1110 119
1565 552
303 64
551 163
1719 557
727 175
229 66
177 16
1123 570
911 512
390 137
377 129
588 178
262 203
384 130
1507 688
1324 177
723 28
176 140
1315 238
796 140
330 299
1042 1039
1538 649
438 168
833 170
1108 1106
418 44
1581 70
1465 879
252 177
1476 579
295 87
508 76
1374 228
708 102
773 356
1846 9
557 103
476 36
347 238
1318 281
510 496
136 135
521 137
1291 1290
1766 1246
1382 1326
1383 792
226 65
89 87
1072 54
652 557
586 577
624 356
53 51
1564 1391
636 380
682 253
515 166
733 498
383 47
621 464
989 396
783 377
726 8
1044 438
276 143
1286 47
1649 762
203 152
18 12
404 221
71 2
1286 159
515 137
693 87
832 295
878 877
494 244
669 94
87 33
1845 677
540 397
1040 1039
1417 1354
810 691
70 68
377 133
1693 472
725 608
843 439
798 466
1012 378
1254 1036
39 33
812 687
828 137
581 580
610 419
563 238
1395 177
1315 904
319 318
510 102
1058 419
282 63
177 9
755 359
246 47
728 498
866 462
277 257
932 144
14 12
1080 237
942 527
551 111
534 438
941 238
1252 252
328 320
889 727
169 79
178 122
1379 322
1037 667
128 3
42 41
651 535
1327 352
495 375
1366 762
484 168
983 176
498 211
1020 351
718 30
973 124
558 551
841 461
1722 140
428 419
496 347
1218 244
465 193
845 257
1474 782
920 767
688 471
293 153
1282 1281
727 631
1116 510
486 483
1491 113
1443 150
1236 920
792 151
801 356
712 575
1360 372
1392 137
788 330
727 492
1268 822
1378 156
844 296
494 251
982 99
1682 1092
911 888
726 586
926 582
699 124
920 137
358 274
347 158
468 307
550 549
1478 438
760 65
1115 397
1013 291
760 208
727 168
799 632
537 169
1260 253
1659 410
1103 1100
384 133
841 356
712 448
498 390
238 158
726 518
1359 177
38 33
548 317
1440 47
627 263
131 46
418 45
380 275
677 676
1039 908
281 244
1152 552
47 9
953 951
127 9
593 259
687 124
279 124
948 947
566 47
230 198
1350 512
458 141
253 3
302 63
811 691
375 3
99 48
454 64
521 331
375 123
749 582
525 66
598 474
734 495
807 237
169 154
963 546
497 439
540 454
909 356
1278 249
642 641
798 460
1091 357
445 230
297 185
303 30
1304 574
371 81
371 251
491 195
440 436
516 492
606 468
1771 347
1059 324
494 261
1196 230
616 170
359 169
688 538
1760 371
650 245
1310 53
1305 844
276 63
509 161
1250 253
977 252
649 565
1091 621
144 44
351 262
469 304
1195 230
1186 758
1214 171
352 163
1500 248
237 99
1126 446
632 579
681 500
238 195
580 577
1250 255
536 453
1177 1077
1493 711
1436 45
127 46
1052 207
118 85
1792 536
517 58
1345 831
372 128
696 537
730 347
727 256
521 203
1403 176
414 353
807 738
1419 511
275 136
1081 349
999 42
761 330
665 573
274 47
193 5
1256 253
904 484
506 179
500 483
510 494
183 182
1356 280
1608 100
538 477
322 318
552 484
669 34
552 237
1420 275
749 163
697 536
1688 66
373 102
404 359
925 378
301 85
20 12
1112 491
1108 53
410 408
358 9
787 542
1200 932
580 103
659 435
709 8
445 427
544 153
1122 401
257 137
346 238
964 915
1182 624
277 63
615 170
659 427
1375 124
374 168
889 479
1773 237
168 45
920 44
675 356
820 816
633 438
565 47
140 124
884 512
137 94
493 392
117 80
668 92
665 258
237 71
1794 439
1739 1735
1486 629
1047 390
711 296
964 548
97 63
1011 1008
1110 53
1465 614
677 465
728 495
389 201
1761 268
1103 801
780 149
925 438
324 137
1546 552
202 96
1177 128
360 331
761 45
186 9
528 110
1813 492
669 169
879 48
368 253
779 162
198 66
919 636
351 132
1326 466
1429 137
1694 467
711 347
581 352
203 149
833 251
206 97
1062 65
566 44
1406 711
173 48
578 356
913 16
633 492
484 163
654 241
868 53
1313 119
796 254
582 352
702 662
1566 726
527 459
964 547
734 137
1656 420
511 458
758 757
1292 45
811 696
363 153
683 537
1067 798
1399 179
1102 44
523 274
577 252
1536 649
117 70
577 575
806 567
537 477
1711 347
1260 467
1422 274
381 126
1689 87
934 102
441 237
725 491
1079 349
888 324
561 551
1039 561
942 238
579 245
566 564
1548 458
89 3
438 176
682 278
356 177
1608 238
663 263
797 245
857 298
1177 134
545 137
1268 446
1171 467
511 158
100 98
554 378
790 658
700 123
1581 741
293 63
352 165
579 117
496 244
988 554
238 55
1073 667
460 458
313 247
649 489
218 97
811 687
1061 1059
1091 619
279 29
507 211
518 211
726 438
233 44
492 77
251 227
122 46
550 3
552 245
681 521
991 140
96 68
418 102
1712 438
909 888
1377 888
807 460
828 224
324 92
773 560
1200 45
211 65
1713 137
624 460
347 191
1170 297
1016 275
1514 228
800 10
833 61
220 66
579 577
124 23
927 193
578 3
1557 1254
681 496
788 658
1606 462
230 199
493 260
1550 23
1073 665
1246 1245
840 356
484 108
102 23
684 124
520 238
330 297
492 102
598 577
371 88
1749 169
736 95
912 833
651 495
824 446
356 242
465 118
265 263
168 143
505 195
639 237
794 552
580 508
775 104
477 123
1242 987
254 176
919 262
1160 296
606 94
1092 356
779 356
142 44
434 87
274 263
752 711
470 301
1168 467
700 542
519 46
681 501
285 63
845 153
1161 419
913 17
246 201
576 251
374 274
356 3
623 42
642 338
484 166
675 674
966 916
496 260
148 104
193 2
510 493
15 13
1528 8
1200 47
770 677
1128 814
362 263
477 169
37 34
117 23
126 2
253 58
96 90
358 161
981 45
1264 467
998 300
564 3
26 15
1248 1109
495 211
107 58
1213 48
1549 320
1400 179
1521 801
282 149
982 124
476 38
1073 664
1170 299
1190 404
606 475
493 195
717 572
1116 511
1080 10
456 375
185 27
245 58
892 681
208 65
577 152
1503 1086
797 419
377 131
749 166
563 561
724 498
737 237
496 375
237 119
1091 237
617 187
466 47
623 587
55 51
964 546
727 634
1238 278
1188 482
1827 1768
62 47
255 177
809 696
1278 594
773 109
1440 122
687 278
1598 371
1542 461
418 47
891 331
654 238
751 137
1157 419
619 617
129 23
223 96
975 140
1088 644
1508 1292
828 472
128 9
665 45
790 331
1423 273
357 345
650 500
742 439
649 111
966 917
124 40
322 319
504 177
575 153
610 3
699 25
176 44
889 651
479 281
506 177
1222 688
983 981
615 614
326 4
211 114
515 203
1576 433
581 377
57 10
558 519
490 195
650 467
828 248
1213 46
1608 117
277 179
828 169
807 72
1093 3
928 636
1065 176
352 345
234 44
271 63
515 418
733 45
828 467
279 64
231 96
586 562
848 828
1453 227
48 43
795 479
763 118
258 145
573 65
742 144
669 91
851 371
1406 1003
90 66
694 87
1359 175
1045 443
169 11
1415 942
1139 68
452 85
292 228
377 168
930 168
736 573
1406 113
403 137
681 493
252 238
300 93
313 175
1550 66
223 66
669 472
883 5
1413 458
196 66
551 2
1083 347
1065 479
253 221
1070 221
572 153
170 6
118 56
34 32
1066 137
700 124
1557 1036
1527 1525
657 137
904 841
1535 460
1187 759
1312 1082
1381 3
1173 238
465 58
727 53
883 168
1260 606
644 348
651 493
1575 397
1244 439
791 642
508 438
837 235
1449 44
1558 347
1359 333
1143 562
882 48
1349 1348
740 594
649 635
368 364
227 97
1026 112
310 79
238 176
1553 86
250 72
303 79
729 491
190 151
1667 888
384 127
626 321
882 324
888 177
731 496
117 88
1199 230
1100 1013
845 325
1399 909
1327 237
542 523
625 260
1040 741
1226 192
716 27
113 98
1727 237
1313 54
1312 726
1553 704
572 65
1248 443
145 118
584 577
801 751
276 64
1159 419
789 754
1842 621
447 169
825 137
154 11
1346 52
889 169
1720 30
512 5
907 238
1828 1827
1747 140
238 110
224 96
117 85
178 9
541 453
458 102
411 408
247 137
277 199
464 313
223 97
726 494
681 2
560 357
1383 151
26 20
1434 46
1177 554
1160 420
333 299
324 93
788 384
1355 93
1238 475
418 188
1015 834
1611 467
1236 466
1504 87
247 239
496 124
659 226
1216 176
370 367
552 346
710 298
1479 615
1177 54
1266 1036
153 148
940 237
8 2
1708 484
1318 53
1852 460
973 26
229 97
1024 664
298 63
1370 124
1113 491
1321 543
376 131
776 237
673 413
666 92
258 256
537 375
700 539
787 456
835 44
1248 1108
1122 817
347 104
888 25
1148 419
897 193
1393 176
503 245
1399 157
492 313
1044 440
251 199
626 264
354 255
158 111
676 259
351 10
915 65
636 494
667 20
613 166
841 233
383 48
616 188
1354 1348
1082 749
257 179
1314 54
1418 789
446 383
237 3
682 124
1608 167
176 15
636 496
168 162
1036 824
143 9
348 238
782 53
845 831
240 239
1040 460
682 255
1656 8
58 51
551 54
193 136
438 436
403 209
1224 15
510 458
694 539
1213 789
629 169
660 447
577 572
375 126
296 176
741 550
730 262
674 268
1515 79
260 47
1139 793
1616 168
629 80
410 87
911 168
1789 331
631 493
1470 44
245 9
724 253
1449 47
237 211
518 166
888 46
1689 169
111 61
234 165
1137 237
1339 140
507 76
95 90
1429 48
458 128
356 108
471 438
1359 179
749 8
963 913
1014 763
664 575
508 48
491 247
446 80
1424 244
1124 1123
791 352
699 541
1451 1325
565 492
1132 237
514 483
445 226
251 211
659 449
124 8
202 65
754 67
19 12
631 187
376 203
841 245
62 60
1279 66
672 84
756 525
211 176
1161 421
578 95
125 44
153 137
371 247
942 782
1096 1094
783 2
102 98
755 221
723 27
542 397
1073 666
233 163
466 2
773 581
176 122
507 247
1232 873
1084 438
793 642
527 484
613 167
766 761
1164 420
562 245
688 536
521 483
930 241
1168 606
633 176
259 64
756 377
788 204
177 158
1399 3
266 65
484 248
788 140
358 345
799 635
1569 356
656 161
429 27
693 537
883 466
1139 260
955 649
622 54
349 69
1337 293
676 575
1040 237
786 446
238 160
108 106
863 262
534 264
1738 579
224 185
565 510
594 5
889 238
1551 296
941 458
238 108
832 509
1015 3
979 978
464 195
561 458
515 474
982 981
512 4
457 118
1082 1079
1750 169
1316 168
740 623
347 25
558 520
1391 512
1116 488
1365 397
1366 458
1083 118
815 693
988 791
1743 1185
588 47
230 226
256 255
244 238
1479 100
552 493
649 504
257 181
1510 64
378 251
1091 102
1015 46
833 728
475 252
687 539
352 349
416 353
482 209
346 71
649 115
494 211
534 8
1073 278
968 579
1256 254
506 168
931 245
681 506
127 103
358 26
353 84
579 503
1841 23
800 346
552 358
510 243
466 70
1083 458
1210 247
1327 351
727 54
1366 245
667 629
572 446
321 237
295 46
378 126
110 102
489 140
596 479
1325 193
237 164
104 44
1135 263
1438 47
1259 52
822 816
691 169
1479 237
1151 292
541 279
176 2
625 264
551 458
171 154
730 493
976 65
1064 349
743 737
726 197
665 93
681 119
940 54
1326 244
1092 121
610 577
483 26
1169 238
4 3
110 106
727 493
225 97
558 157
896 47
483 160
561 111
1095 904
1002 726
629 475
651 516
587 238
169 7
1062 66
1235 460
1220 1219
1254 80
596 577
359 273
472 64
1102 604
610 421
177 154
1438 46
841 801
1850 560
233 119
383 335
801 45
1448 511
820 401
925 346
727 498
1112 46
314 168
507 356
1303 1250
178 91
988 756
1006 25
312 65
593 356
1591 238
616 421
1506 198
1301 554
1125 1123
789 515
888 190
889 76
1452 27
392 201
650 161
1312 942
318 145
773 557
330 300
1187 402
1628 59
1162 420
1381 176
1015 890
806 48
150 47
579 193
836 234
1618 111
1445 48
238 57
376 211
1163 421
507 335
306 64
741 316
1751 467
211 113
240 238
509 243
1266 606
466 44
352 10
465 46
1312 203
1632 460
1111 1106
625 617
552 252
226 97
519 508
442 53
893 330
313 178
497 392
795 352
238 10
580 8
1810 964
1083 462
351 166
535 260
324 237
1140 110
201 46
1091 627
508 247
850 299
346 103
634 117
1355 92
1019 52
1257 254
458 176
230 66
1370 96
655 238
946 293
1787 1246
908 238
495 77
1216 179
1166 297
1254 123
344 111
1106 276
466 238
510 508
1017 820
922 264
565 493
349 345
1231 1180
1110 740
446 94
460 70
85 79
285 149
896 145
835 277
1250 510
827 178
1040 238
727 607
346 104
697 124
727 110
1314 613
1076 935
1212 30
359 145
1213 151
789 330
244 168
776 238
1719 582
769 8
1316 238
1386 16
940 939
356 168
1076 739
1392 179
303 123
853 169
498 313
659 446
238 161
37 33
538 87
71 63
1597 459
379 48
473 34
493 58
895 323
1166 300
1503 461
177 2
579 121
511 492
797 140
651 490
499 44
68 15
1253 788
574 96
1080 347
865 65
649 102
376 128
431 196
775 108
1609 165
1030 203
359 260
491 297
515 331
763 761
475 300
1092 91
730 496
889 109
518 2
1569 121
1137 325
1399 176
149 137
474 44
725 321
493 438
397 124
615 484
502 466
629 418
292 63
662 427
1187 482
1534 102
1100 279
261 46
120 98
347 177
1014 102
1475 378
491 77
1045 439
352 347
1224 45
467 365
1286 45
466 193
1605 118
725 506
642 420
697 456
1490 941
157 3
238 3
1713 1036
493 439
216 97
168 164
730 563
963 915
559 111
807 567
1353 512
854 467
1183 624
902 52
1419 273
379 9
995 543
439 376
252 111
1190 406
497 244
740 439
1002 53
889 221
730 244
1252 254
563 237
607 479
176 91
1635 40
839 234
459 346
1366 556
333 278
1734 448
559 245
303 124
244 45
1371 278
876 58
265 46
685 536
1239 77
176 136
591 190
748 188
436 211
509 498
298 185
660 434
1609 166
493 157
903 237
1627 156
126 23
497 260
1386 803
623 552
167 154
253 137
237 107
1255 47
642 176
278 92
1015 177
561 117
222 66
61 44
1540 237
866 2
1220 1013
920 264
469 310
523 275
518 44
69 10
24 22
347 8
718 25
797 229
576 259
888 681
621 534
860 790
141 98
787 96
460 204
1315 237
494 247
682 153
1091 165
767 118
238 71
1224 16
1752 1738
44 5
1509 64
288 64
1406 378
1288 77
524 523
1177 1095
1039 178
1289 980
716 26
507 45
554 238
824 668
1146 515
1037 668
624 42
313 127
621 458
193 179
911 179
790 515
522 66
1185 66
889 484
726 498
1138 260
883 324
740 178
591 577
267 64
374 136
501 168
305 169
1418 276
118 101
203 127
635 579
783 554
1237 636
508 483
751 458
267 68
430 27
460 457
761 59
301 169
385 127
1091 1041
906 730
1262 85
782 726
1691 817
1717 117
371 87
297 145
656 253
934 654
1654 726
460 177
1094 441
498 246
556 459
488 45
1325 1042
79 78
669 35
291 140
351 127
1314 238
1386 237
91 90
761 371
485 483
274 262
456 455
1686 1685
1512 1511
552 498
261 77
1245 1061
541 415
1326 356
644 114
651 314
1026 113
930 102
698 538
1672 15
145 129
1323 238
1395 178
475 188
843 211
281 76
642 26
11 1
492 375
559 118
510 47
607 507
451 251
615 102
317 315
170 45
1687 352
438 238
1039 238
1450 47
348 121
466 8
404 401
649 161
1184 260
573 96
1148 420
1469 359
841 195
627 245
117 82
1464 613
565 506
1366 137
896 330
594 387
631 117
473 36
488 145
806 512
617 167
1505 950
376 127
742 2
642 506
237 52
110 103
1424 335
237 109
642 298
1253 252
177 140
1761 248
465 238
124 82
1742 622
841 52
975 447
541 303
1173 1110
313 115
1189 482
233 166
443 436
1255 252
520 166
17 3
505 466
117 86
595 190
182 96
1091 244
1286 168
318 3
1243 122
846 249
651 251
1590 557
657 261
1456 324
649 507
934 104
316 165
749 117
444 347
898 330
988 53
795 552
91 3
31 30
536 30
773 108
579 254
1318 238
1442 388
260 176
495 244
551 119
484 157
1139 150
219 65
914 16
1293 460
247 245
888 237
1091 349
593 44
1692 472
283 64
644 181
508 58
124 30
565 44
1019 1002
728 111
292 251
504 48
1104 1100
725 484
105 98
458 347
613 100
559 382
19 14
994 359
117 26
990 140
356 127
351 130
849 87
1213 44
128 58
831 535
1243 249
1191 406
62 44
491 375
650 179
1312 350
627 244
508 59
92 90
930 251
1327 466
1067 168
97 64
466 463
117 100
1487 446
1517 1206
1539 579
904 119
556 458
510 483
311 303
577 557
616 420
253 177
437 373
272 63
1002 54
550 177
45 43
997 87
157 115
1465 112
259 63
895 320
881 268
567 203
566 48
726 321
122 99
568 521
636 509
609 419
1475 356
1077 203
701 124
1107 54
1210 248
1661 251
385 359
323 177
316 10
1651 458
1755 831
251 124
1296 745
533 264
627 260
804 743
557 527
358 23
505 313
559 244
1606 45
178 15
318 92
817 816
1045 444
834 832
578 508
237 56
588 46
727 466
493 238
919 263
83 78
194 75
1615 1499
664 579
587 458
458 373
631 332
1323 244
1766 1061
508 392
118 58
284 149
840 233
833 171
718 26
1452 196
789 404
577 375
816 472
1213 193
725 177
228 185
773 23
790 385
346 234
988 347
477 38
1082 56
1656 1036
498 10
661 432
313 128
1171 298
70 10
76 21
987 986
991 298
839 237
917 16
378 133
1031 67
512 314
729 497
667 94
1277 185
351 102
552 500
403 359
383 152
439 237
168 47
726 623
330 318
507 77
498 237
201 66
614 167
507 392
471 153
794 642
1386 965
458 127
632 176
717 29
848 472
1235 59
664 93
335 203
581 160
631 508
1345 606
114 10
593 48
998 467
177 168
1134 263
673 137
1188 759
1092 165
118 100
1595 319
794 151
1384 608
483 254
988 126
402 66
1645 977
1014 168
623 554
467 301
661 423
502 149
237 234
1535 458
547 481
446 188
509 316
353 345
1136 510
741 443
701 24
435 87
990 245
225 65
1282 649
539 221
1143 23
606 294
72 48
652 587
681 460
1550 168
925 211
484 458
264 173
495 193
1316 53
562 557
725 178
779 654
508 77
1649 1479
801 234
1691 472
508 244
291 188
238 107
1191 405
594 3
507 298
712 573
761 87
813 693
559 238
117 79
667 330
718 29
291 203
1183 623
243 238
559 381
538 58
1139 77
564 178
862 860
359 118
446 91
179 121
197 66
276 52
919 531
594 169
1123 179
1143 373
685 278
381 130
779 380
511 244
603 559
175 140
493 59
506 176
268 64
777 107
1047 135
296 87
430 205
496 483
361 262
515 188
270 29
594 577
813 690
1532 102
274 245
971 169
360 46
348 103
536 397
511 119
579 348
466 48
1086 113
498 347
1189 403
494 438
149 148
1278 561
1306 259
150 148
988 251
1149 419
883 45
296 178
672 353
1418 788
687 123
726 323
184 182
254 93
383 336
383 168
466 108
239 110
330 203
594 178
1092 261
75 13
1440 346
1446 45
484 237
730 263
8 1
1064 347
507 174
1693 467
253 93
218 147
68 45
536 375
1142 110
1553 662
1210 559
1717 561
881 296
1071 293
313 137
58 55
606 491
1422 244
831 828
988 792
1805 464
420 216
983 479
777 109
661 424
11 6
996 354
1580 987
356 134
1608 166
474 123
753 237
742 627
624 211
411 371
981 47
1496 711
439 263
1516 1213
1044 211
87 85
727 579
606 331
1398 178
1401 1171
268 198
387 168
333 26
1749 87
134 23
582 177
281 63
1329 197
577 168
304 79
46 26
252 58
752 351
550 176
497 193
454 244
749 118
307 63
740 118
1251 822
250 238
66 63
1467 360
73 65
237 77
1044 443
358 44
1721 415
346 111
888 111
468 295
346 25
385 262
126 44
787 65
1012 3
888 122
1136 559
790 273
562 211
963 914
237 115
1096 904
752 493
1016 890
711 245
371 111
1450 48
521 498
1173 276
331 95
1556 149
562 118
686 539
1565 250
890 579
252 3
438 376
558 166
385 134
761 89
129 98
1617 1066
375 178
483 252
502 160
370 364
1092 348
259 96
1716 118
251 149
1314 1096
828 210
233 45
536 523
368 353
539 454
328 197
421 292
259 66
492 260
1436 46
439 177
988 168
274 63
1222 40
578 176
296 198
932 460
699 28
922 575
498 391
385 263
420 371
456 397
168 166
1651 439
1155 420
168 99
216 65
260 44
1444 48
1707 99
148 59
507 157
275 244
1554 86
1391 753
1027 237
577 554
1710 562
491 245
1128 811
1445 44
491 300
471 305
237 176
469 87
203 45
375 131
603 577
927 244
988 782
515 164
977 253
1620 636
1129 812
1450 44
177 121
554 237
1169 85
667 80
352 346
270 26
768 724
1348 529
568 168
482 65
1149 420
380 126
621 263
360 188
224 97
1048 504
1383 1216
476 169
791 479
1071 292
805 48
565 504
711 244
733 497
473 38
912 515
606 477
1224 1014
649 177
387 237
649 117
158 3
344 283
579 347
919 265
895 334
1138 965
491 260
903 515
139 98
1236 46
204 44
419 257
460 359
562 362
356 316
1612 1424
1271 1270
1072 53
357 45
634 438
1213 244
832 510
16 3
1211 491
345 69
447 251
1844 458
1197 447
991 297
557 117
1320 606
1591 1216
578 179
632 494
506 158
740 529
677 608
1324 238
80 76
698 456
1547 203
912 76
1116 238
1548 237
420 250
495 102
1446 509
695 456
496 438
911 237
463 460
754 360
990 193
729 677
606 476
731 237
493 53
642 339
1605 460
941 66
1091 167
536 296
721 29
320 237
1152 292
559 58
169 123
274 52
675 237
1210 156
964 916
1339 169
1610 169
1278 762
130 98
832 111
1227 1226
356 166
555 25
438 274
475 40
717 575
1238 1036
479 136
1194 52
909 677
798 359
96 67
1605 459
71 10
496 261
225 96
644 143
346 23
1316 1076
1532 888
593 149
540 476
1126 667
595 474
446 23
793 263
498 349
697 123
68 44
1278 556
644 113
377 132
864 8
518 238
509 495
560 556
105 102
445 426
694 538
651 565
486 365
652 237
1216 178
684 538
879 876
540 523
1020 346
509 45
423 188
178 158
415 123
1024 557
910 171
145 126
611 110
419 292
915 482
376 129
542 40
80 63
681 110
759 208
138 98
147 146
1308 942
733 492
730 260
251 141
603 237
828 333
311 63
665 572
1276 185
909 729
579 253
221 65
1583 298
146 64
1552 86
941 237
1187 403
725 496
385 360
356 130
627 26
1401 354
1329 293
106 58
1132 262
577 508
492 129
1312 331
340 318
644 53
150 139
1177 133
395 137
329 26
894 330
539 169
1647 888
1417 1351
828 325
348 23
343 169
359 188
299 93
833 46
1376 433
250 8
1037 80
1470 331
238 8
565 274
1381 177
1100 642
1107 1021
649 490
649 631
434 422
58 56
1177 1096
179 154
727 594
1171 300
712 292
1762 325
743 567
890 149
884 324
606 59
316 118
882 44
1573 453
688 537
694 169
674 378
882 47
1394 176
649 178
483 347
1019 782
649 466
649 238
1667 582
188 137
773 438
56 51
1238 669
807 743
1236 44
1174 2
1004 346
912 910
1158 419
1456 117
563 103
496 76
1768 1767
352 127
927 347
168 5
1015 513
1409 64
356 128
1448 46
292 190
348 242
385 128
655 263
1072 111
1016 649
491 390
302 64
407 400
773 103
237 25
727 237
1598 137
321 96
927 237
1673 375
1396 177
110 109
577 110
1553 296
1081 348
237 177
1298 1295
651 379
957 179
981 46
377 237
729 508
733 491
209 97
1213 245
1329 831
410 371
1256 252
1108 1021
347 179
239 53
1025 237
983 642
888 59
75 15
954 46
683 123
1806 229
1031 137
429 228
927 168
301 63
621 237
1278 1040
417 251
807 739
224 66
1139 16
176 4
1042 347
352 167
1204 152
333 273
903 510
379 58
280 63
1167 298
237 9
793 351
957 178
93 90
179 2
782 54
593 161
626 260
355 345
981 521
1507 689
1045 375
485 479
67 46
354 345
616 615
1016 47
726 375
957 177
466 195
740 488
925 375
136 10
498 152
122 47
649 505
1441 48
313 168
761 145
352 102
484 145
1700 317
1177 126
683 536
710 709
520 46
696 536
1013 559
800 45
263 63
856 542
72 63
1070 403
380 54
323 94
702 296
565 276
453 64
129 102
731 493
654 62
695 124
649 261
103 26
1039 909
380 260
845 4
912 359
484 321
1565 326
1078 349
1034 824
30 8
418 46
372 131
193 9
1142 102
325 137
533 439
1454 677
1173 1107
438 2
1305 831
1065 593
351 112
1253 254
938 563
1020 10
1171 87
609 479
579 257
1304 575
254 3
788 293
553 484
562 465
1249 1108
695 539
1323 466
1665 291
491 261
973 466
825 397
737 387
1817 881
1066 451
1255 44
666 95
565 496
169 85
203 96
346 158
1639 1013
520 508
460 219
788 754
726 376
1278 908
895 319
1745 169
313 126
821 816
997 996
1086 71
148 137
380 274
118 81
525 110
220 97
1519 552
217 45
361 345
430 223
511 508
403 324
928 10
748 140
1568 1292
522 96
813 687
1186 760
418 11
779 656
459 237
613 163
687 456
458 26
681 484
346 244
582 102
446 145
383 330
527 523
1169 299
952 951
498 375
636 262
374 275
466 104
730 474
929 242
1068 717
697 541
442 436
512 44
237 118
793 151
123 23
492 245
1786 1291
565 494
644 237
482 66
895 338
726 346
1671 15
965 915
1014 909
618 466
1317 53
1294 593
617 245
351 168
281 158
916 482
349 238
1266 475
800 466
1255 254
825 453
117 101
1769 44
392 45
1034 137
699 539
676 574
299 52
1644 977
430 227
111 98
352 133
1081 316
842 236
1418 790
252 95
912 281
1673 738
1808 752
805 636
508 193
733 493
1361 278
621 296
375 134
216 66
168 48
903 58
536 420
761 502
888 655
64 21
445 425
50 44
470 306
1374 123
1147 295
375 132
299 145
582 3
1537 649
1345 1222
1781 325
660 226
1416 184
731 492
801 237
1132 782
615 562
1153 419
1780 110
793 204
349 158
644 488
303 278
767 761
973 244
420 417
489 483
551 108
10 1
629 360
1219 344
273 237
1549 197
260 178
649 494
253 111
1314 511
356 157
597 577
471 313
1141 237
1564 652
557 351
556 484
324 245
352 132
507 439
715 29
623 621
559 352
356 238
471 302
133 98
1317 54
1655 1036
101 98
775 109
580 507
552 244
1548 70
1853 677
763 110
1143 237
1688 87
1572 137
137 109
1260 87
577 299
1660 411
1468 788
357 102
484 58
577 211
1190 405
686 538
749 348
1324 244
381 133
199 140
1144 509
506 195
725 356
497 76
917 17
237 232
237 161
264 263
935 934
731 497
1429 203
692 537
145 134
483 464
1581 316
484 249
378 137
850 169
356 126
844 330
1263 293
1423 193
109 102
814 696
710 299
177 58
574 479
1482 177
930 193
238 9
7 1
780 251
666 93
1254 252
566 506
507 299
1490 1021
1701 1037
552 247
715 15
404 137
303 63
474 46
44 8
565 509
649 501
551 109
254 58
1227 460
664 65
234 45
750 726
812 691
373 263
761 23
701 26
428 422
1569 237
1036 668
773 555
227 65
1089 644
845 844
1679 945
973 349
1324 178
140 59
782 387
919 264
258 65
888 2
1187 758
456 415
1184 712
1084 439
238 52
577 335
724 507
1450 261
1186 759
377 128
1479 101
452 397
1441 47
454 123
670 66
1116 102
321 158
1543 244
441 54
888 295
844 326
417 80
923 4
655 237
726 10
213 65
655 161
1229 45
209 96
500 111
1602 1601
579 346
1223 40
256 23
1142 563
504 313
650 499
1533 356
1043 347
669 536
479 172
1053 881
651 504
578 507
920 48
361 263
1609 515
376 134
1549 237
879 47
1376 124
1151 420
579 500
931 752
127 23
414 350
329 4
606 137
137 70
561 44
1803 251
519 44
965 917
552 253
388 237
178 118
692 123
600 577
323 237
1682 490
865 66
649 496
668 255
606 301
536 454
1464 237
1727 292
508 391
577 238
1447 47
188 170
1228 52
701 28
989 178
1235 58
920 122
1538 195
644 516
308 63
347 121
1794 375
986 104
1238 536
1257 326
1279 67
982 252
1825 52
629 446
475 35
777 237
351 113
323 3
321 48
276 59
624 195
593 179
197 158
108 98
890 521
539 58
1212 1068
844 593
1502 2
1047 137
1090 644
776 109
237 165
238 163
1004 348
597 135
358 168
255 93
521 418
701 456
1132 112
379 178
1502 942
464 45
120 58
1014 356
176 121
347 71
1200 126
496 390
1490 726
1127 815
164 151
858 543
743 260
719 23
1603 1601
446 92
1606 44
1315 54
1015 176
237 191
1531 237
577 250
711 149
851 158
989 176
892 492
579 499
1325 117
262 211
1388 70
128 23
816 401
1016 273
654 240
663 91
385 168
642 343
458 178
540 415
621 178
1199 447
1417 1352
1400 176
1177 53
1093 579
347 111
467 36
928 241
251 46
1015 87
1221 511
535 88
1146 295
1789 1077
122 44
1062 263
651 636
590 157
866 118
727 465
404 40
1017 400
845 248
382 126
642 179
1476 8
1743 325
508 45
649 632
1673 438
577 138
652 54
70 21
124 63
845 26
290 251
1392 177
557 352
879 509
477 456
578 378
126 58
233 117
730 497
1308 941
982 47
796 253
731 458
1160 419
909 238
560 69
125 59
633 579
554 111
259 95
1255 46
988 582
554 551
1134 275
797 421
742 44
1213 788
306 63
929 168
593 572
349 121
644 643
747 23
1596 168
1200 44
715 24
1286 1285
774 111
854 828
470 467
1447 48
441 10
677 488
988 986
1234 920
1305 575
278 221
730 170
1351 238
511 497
1425 237
1254 446
1073 331
301 79
1083 461
1726 1021
384 134
373 245
1597 458
265 190
279 27
552 502
941 102
575 145
649 2
492 158
1253 238
436 375
396 229
1201 126
828 225
245 140
539 453
1209 222
209 169
1129 809
407 398
1211 966
940 458
579 187
121 3
458 349
1025 263
496 77
836 233
1134 273
133 46
1064 346
1732 1211
932 888
807 70
1092 624
598 135
495 391
849 467
413 408
1443 46
1467 658
324 318
500 158
1418 360
889 251
1215 1213
911 44
1216 244
488 466
330 298
169 137
540 453
562 44
172 154
1674 738
280 66
1236 176
30 22
890 358
1377 418
203 46
373 291
554 437
680 378
1372 278
326 249
260 45
147 96
945 477
427 422
510 491
622 53
1312 375
675 145
892 649
1751 169
735 573
71 21
391 217
1013 603
251 246
391 201
164 154
1266 1251
727 121
1186 482
511 316
597 190
457 2
488 8
310 63
895 336
247 193
870 869
1039 511
1829 460
1299 237
351 126
479 277
860 789
1379 320
503 44
835 420
103 58
720 361
408 203
726 520
643 346
1565 277
840 236
711 709
484 322
1414 460
347 57
888 493
343 318
733 48
618 617
238 70
1201 238
625 245
649 11
262 187
711 123
484 356
237 45
810 690
498 46
1019 375
623 211
751 123
839 238
644 263
1469 788
568 504
237 163
149 23
337 318
402 137
316 261
390 149
648 237
761 176
1757 52
658 360
1128 813
38 35
1339 897
1022 439
809 693
736 258
1424 336
750 649
617 466
656 44
1029 365
65 2
1141 238
1312 1096
530 262
636 504
711 349
808 690
1539 89
1821 881
565 564
324 91
226 140
878 876
876 494
766 639
1362 292
456 30
64 59
1136 262
1529 1324
431 223
67 17
1269 211
538 415
123 40
496 195
385 133
568 45
1168 298
99 45
660 427
458 238
181 180
1041 1039
798 632
661 426
512 483
761 46
740 237
1171 297
804 627
762 237
80 79
307 79
125 58
1016 510
176 17
166 44
114 98
609 421
402 400
650 3
1251 255
833 45
507 152
352 130
1261 990
681 508
350 345
551 145
1181 237
254 203
118 80
774 107
581 237
1300 399
982 891
169 88
1475 167
418 359
1253 53
1678 1677
241 168
761 52
936 934
385 130
685 456
1132 263
955 491
1418 460
580 492
1350 1348
168 26
1654 8
813 696
682 188
760 66
737 460
518 9
552 419
508 335
1253 789
67 47
496 313
296 179
455 446
1010 1007
918 16
726 177
377 102
642 341
494 58
750 237
593 46
812 695
331 92
1260 668
774 103
1410 881
1651 8
1539 1015
1290 316
238 149
963 548
1788 1061
1796 621
1470 629
1384 485
711 458
1298 1296
850 87
157 119
338 318
1802 251
1363 940
1116 509
1017 446
1003 25
1216 260
1150 419
1182 458
1442 44
621 262
296 111
1138 16
1557 1267
426 422
1590 582
690 456
664 507
1297 1296
113 10
1509 147
507 44
726 519
577 574
772 64
677 124
649 160
1129 811
399 398
665 574
1102 460
1434 45
684 278
509 295
1554 707
814 694
656 177
594 168
1775 99
388 201
1497 579
1576 1472
656 176
1440 45
636 501
159 144
701 537
511 496
632 438
371 26
677 278
576 573
330 261
649 570
602 136
193 189
1326 193
462 460
614 237
734 195
552 42
460 137
515 48
711 10
1033 825
276 244
815 690
891 681
835 237
1391 3
178 5
1321 467
444 379
375 124
329 318
1050 467
812 692
725 507
581 103
1109 740
1756 87
726 238
1316 782
666 91
1291 563
217 96
322 48
565 497
1814 881
1120 435
1081 1080
711 348
580 237
1711 563
717 258
1243 44
941 554
495 247
238 193
66 23
1077 55
573 153
594 179
423 170
459 347
548 481
294 64
566 383
221 66
467 411
378 124
714 44
333 9
237 187
214 97
1467 137
347 168
610 178
1370 153
1184 325
577 118
1138 47
864 68
1156 420
494 179
191 189
65 23
460 9
742 621
519 9
567 47
72 47
238 165
385 273
847 169
903 730
825 396
501 111
617 150
692 538
794 204
593 574
565 495
1366 1227
846 135
835 295
475 254
993 296
207 65
504 178
491 313
1435 47
466 237
750 52
1796 438
361 68
1385 378
145 128
348 345
492 157
811 690
765 465
581 465
688 278
137 119
537 87
683 539
577 298
260 48
931 347
1015 169
145 131
989 179
439 53
296 44
330 204
1714 950
466 103
378 179
1420 274
1758 1757
467 64
1082 347
548 545
1388 911
617 356
456 303
777 465
121 62
368 350
205 185
347 242
321 279
554 348
1422 273
382 127
197 48
1133 238
956 608
919 532
756 157
1038 295
788 274
807 742
658 261
273 63
1800 183
537 397
670 65
245 23
851 467
383 276
841 244
502 161
492 391
582 109
973 193
701 536
737 70
380 161
905 460
500 117
1173 248
681 3
462 46
831 371
761 79
1067 136
429 225
719 28
613 356
761 629
740 176
577 253
1122 818
203 48
251 198
1423 275
975 278
1278 527
386 3
1086 102
458 237
265 173
1372 123
1312 582
494 410
1255 255
304 64
516 460
764 761
1395 176
1412 438
1324 102
66 2
999 25
497 237
579 358
973 102
171 6
1187 169
1455 1185
137 117
661 425
922 265
1003 211
895 197
726 439
330 118
725 497
881 170
1822 881
1437 44
557 119
310 64
751 111
483 276
1838 181
554 8
449 426
565 505
359 203
916 16
586 170
770 177
420 278
479 173
359 117
460 188
125 47
201 96
1186 402
802 512
460 451
523 123
668 80
1429 1077
1447 46
458 53
439 296
283 63
145 130
1443 932
314 312
452 396
507 59
808 691
1173 52
1001 25
376 358
711 176
909 178
316 167
1046 349
131 23
1695 65
773 527
1546 782
686 123
1070 150
773 441
665 157
1266 169
267 63
1040 936
1762 145
1793 438
790 46
178 8
1471 251
1250 259
728 491
1647 44
323 96
1631 1600
495 260
1359 178
129 9
964 918
762 761
1065 766
805 566
257 169
669 33
1608 118
1069 512
230 169
730 47
491 157
1236 47
147 66
651 494
242 238
689 536
562 161
1106 52
1490 988
614 101
144 118
681 464
1159 420
170 46
123 58
535 118
37 35
1134 274
263 211
104 58
1041 613
918 910
404 398
499 118
491 349
1037 822
1850 1009
1132 114
354 254
178 168
795 204
1319 53
1418 273
210 185
108 59
1213 47
1383 149
1045 438
1267 400
387 54
1122 822
1250 511
352 168
1423 274
1130 815
238 119
810 692
682 123
710 179
402 359
466 187
1467 790
176 8
1038 111
649 464
761 178
1744 753
934 460
177 62
1674 726
324 99
791 203
634 187
465 45
1086 238
541 85
261 145
665 460
742 711
255 95
681 502
418 48
1386 911
1255 253
895 337
994 790
444 436
1547 383
170 111
695 538
726 624
390 46
1253 275
238 56
1036 820
507 48
1251 253
599 474
133 3
177 126
348 46
767 418
835 832
504 3
897 419
97 68
724 508
1292 118
1023 439
313 246
230 65
895 322
716 28
1091 187
582 237
804 260
749 375
1265 458
932 46
386 176
711 371
467 83
1023 750
999 550
777 103
1566 738
797 203
1491 112
375 133
1084 8
681 515
360 23
490 483
751 52
176 62
147 97
796 255
552 153
237 197
681 237
465 107
196 65
1514 79
871 869
254 95
542 453
257 117
1573 137
293 190
1021 550
1347 515
493 77
261 47
1378 153
1007 560
773 238
1196 336
512 61
1266 474
496 158
578 178
552 111
69 64
331 46
1253 790
181 177
1586 1303
1016 276
245 168
179 48
875 45
631 496
782 3
1431 122
333 274
1266 1017
460 238
580 552
1148 971
726 211
512 388
1116 168
971 333
788 383
245 5
1574 397
488 44
892 331
788 203
425 424
576 574
1260 255
606 539
195 111
193 44
1162 419
1114 871
1413 941
895 152
1254 254
119 98
1313 557
68 48
458 126
652 244
912 188
1367 211
933 48
335 3
889 77
495 238
178 62
629 118
901 330
928 237
502 5
1146 418
193 137
471 253
1441 46
1024 582
148 103
1141 782
1403 178
577 117
555 551
402 7
360 260
207 96
375 128
788 188
660 449
1762 1185
419 229
286 63
942 624
511 195
118 111
1465 102
733 496
196 96
40 35
377 47
1324 458
368 262
364 345
726 581
805 565
1253 253
223 65
466 158
925 711
1199 85
1661 410
552 149
1278 907
458 8
497 483
866 458
814 690
582 110
31 23
144 142
557 240
727 588
912 629
727 152
375 176
1651 562
1419 510
387 201
728 508
786 222
321 318
1156 421
736 259
466 143
509 44
655 160
566 504
942 939
840 460
1486 446
649 169
761 579
1253 359
1681 371
782 781
168 167
314 48
1015 512
552 296
117 56
958 243
198 97
728 496
801 233
911 883
988 557
1247 1109
1015 58
682 538
788 169
811 693
1088 349
1135 320
523 102
1707 47
614 165
725 111
693 536
1015 47
940 374
150 104
1379 321
1405 66
766 118
1727 961
170 149
965 67
482 480
633 630
359 330
123 98
654 110
122 10
911 256
832 252
419 418
54 51
1188 758
128 103
402 362
565 273
391 46
1043 613
1177 331
300 63
548 547
438 85
333 85
1544 87
1421 245
1253 360
476 40
1524 1523
446 445
253 85
325 3
445 432
550 178
265 63
797 68
1831 44
598 479
888 58
787 66
954 44
868 554
819 397
66 19
957 329
427 419
129 46
1835 961
1112 488
392 46
1039 509
1039 237
727 129
415 28
1022 750
642 177
116 98
1291 562
617 163
681 176
356 245
1621 460
373 131
1210 249
265 64
733 201
1004 102
931 244
798 465
726 322
1450 45
617 193
621 617
1432 356
593 137
687 536
283 149
773 552
1619 222
1334 27
1253 54
651 492
439 26
1278 458
836 237
973 177
798 167
614 163
828 255
509 507
677 123
464 237
582 563
1001 54
699 540
509 158
106 104
182 169
789 385
915 15
623 157
1431 46
169 141
1600 1599
313 179
276 203
130 3
698 278
465 103
161 23
211 168
521 319
373 237
276 46
491 137
1092 466
1068 716
659 431
1117 237
1643 260
1329 172
511 498
930 439
1109 1106
990 362
1127 808
464 157
494 3
449 445
469 301
299 63
1441 644
828 734
1332 1331
1479 119
660 426
696 123
1129 814
198 96
942 587
730 508
1691 169
1738 149
762 459
634 176
378 130
1266 467
1083 2
358 137
847 828
1080 348
178 92
623 316
383 44
251 63
930 621
523 278
1713 331
262 150
613 562
701 278
1177 130
491 45
186 169
1019 931
563 356
668 93
932 145
1733 1247
791 420
773 556
538 30
135 98
644 151
420 293
260 145
790 203
1015 889
1259 254
1762 260
716 15
973 245
515 261
945 467
895 340
701 542
593 258
1025 262
800 46
827 467
988 130
715 28
737 176
505 168
347 345
561 119
554 102
741 238
567 168
1325 118
267 264
61 46
930 378
780 162
777 108
543 523
66 64
1026 750
253 239
631 507
1131 262
761 48
558 356
849 158
1676 1098
582 466
1039 510
541 454
1329 322
123 8
484 320
757 402
866 460
1528 1036
1113 488
559 156
153 118
294 79
1340 897
466 378
474 278
652 238
491 347
1680 945
430 422
1692 169
651 296
568 159
169 34
973 346
456 453
118 79
1616 513
1789 203
460 44
300 145
1077 261
431 210
429 227
391 264
493 252
693 467
1341 30
1451 203
296 3
854 169
955 651
790 403
459 10
465 44
494 483
905 801
1247 1108
631 492
1449 48
667 188
890 238
1198 447
466 245
269 64
507 313
751 233
906 102
15 3
498 250
633 187
268 140
382 130
635 187
161 118
754 68
251 157
1424 152
552 349
1133 237
238 118
374 276
238 23
33 32
879 45
621 533
378 127
40 39
1669 66
1539 725
63 21
686 537
1070 402
560 484
391 265
494 193
763 237
665 140
865 96
520 167
117 58
1279 68
956 296
297 85
568 178
594 459
803 565
512 168
730 237
300 85
376 375
119 2
155 154
829 827
445 435
491 47
577 507
1213 319
396 395
245 239
965 176
1259 253
470 304
1402 177
378 129
1117 238
988 3
740 53
58 25
974 897
1085 356
888 644
888 491
537 453
563 102
274 58
566 509
465 108
863 58
1247 237
273 46
1262 252
1325 244
289 149
26 23
636 168
649 492
790 330
1129 815
464 8
256 252
128 2
1313 137
1257 253
243 102
380 130
234 166
1398 177
244 5
563 509
912 474
227 66
490 158
1537 498
165 159
609 178
1010 348
1349 512
179 140
593 387
497 390
881 171
229 96
178 16
815 695
549 42
988 888
801 460
479 155
726 237
1394 177
1049 158
587 582
381 137
468 305
681 507
1279 65
607 537
815 696
1640 1013
533 438
1590 238
1744 169
519 238
891 378
665 48
543 313
1099 140
536 82
944 943
1058 552
877 55
1794 211
617 168
918 17
667 203
711 3
438 161
1775 1774
498 462
579 118
313 312
749 346
537 279
456 85
790 260
254 221
970 26
331 251
142 45
1825 458
87 81
1150 420
719 25
1266 87
459 149
515 385
1094 904
1077 833
608 579
749 165
1649 237
682 252
178 58
1423 276
562 526
373 264
1507 319
420 292
345 263
538 279
1132 113
512 161
484 44
99 5
626 320
534 375
1025 782
177 92
238 25
750 525
787 188
1177 988
1012 179
770 711
8 3
1554 662
1763 987
1261 254
300 52
447 445
471 169
74 21
1556 743
474 23
345 71
1127 809
1189 758
922 258
1011 1009
1009 1007
65 17
1366 561
712 574
372 133
456 40
1015 168
1037 824
1110 741
610 479
645 643
838 237
1094 238
368 254
1014 622
168 163
1490 52
1854 467
66 26
669 39
1644 648
586 356
518 167
322 237
346 46
483 161
684 87
354 139
581 110
1443 510
1139 965
296 199
656 45
491 58
1530 335
502 158
1247 238
1566 438
516 507
1016 48
1548 23
176 9
897 47
1130 809
453 244
813 694
782 374
508 245
593 247
651 111
212 97
577 255
931 168
1266 1037
736 572
196 63
691 123
1470 237
631 494
1247 1110
65 64
228 97
661 433
632 45
1035 67
783 374
725 464
449 427
465 195
270 24
1077 801
176 117
453 278
1703 537
264 190
143 134
1041 347
1179 1178
313 177
504 179
48 3
531 263
725 492
1008 1007
652 119
954 47
779 238
126 3
920 45
598 190
1321 87
137 10
715 23
699 456
623 617
1039 176
776 102
730 331
527 313
838 233
769 137
215 66
825 454
676 251
475 255
1584 515
606 330
241 239
1310 458
468 308
1750 87
261 201
932 187
794 352
557 466
884 5
792 479
477 37
356 137
458 374
703 702
1319 54
1177 102
765 118
774 465
465 109
1641 292
973 137
383 273
580 494
773 323
510 507
288 149
1144 511
578 92
1312 8
988 211
1324 459
458 54
624 237
838 234
1400 168
587 356
1036 667
1231 712
1565 1564
354 252
171 64
757 169
1117 782
699 26
859 543
418 122
238 102
1091 10
494 59
58 26
1417 1350
511 48
515 371
932 137
476 278
61 48
485 104
237 62
416 251
354 151
252 239
347 237
1646 648
568 505
1383 794
727 573
593 577
1605 458
1155 419
238 164
127 102
916 910
1195 237
331 124
497 58
1278 526
495 53
663 92
443 53
888 23
1856 192
962 960
333 297
192 189
675 102
1490 441
1431 168
847 158
660 446
476 124
1268 400
1424 275
1445 46
56 54
1262 255
711 177
658 137
495 246
238 45
348 104
1025 750
158 154
273 58
941 54
1058 169
1550 888
860 359
344 282
1502 458
1238 123
592 479
602 577
352 131
1146 833
425 422
796 260
1607 1475
753 525
477 36
153 89
626 322
474 124
1293 257
698 542
1068 715
735 95
1045 442
1116 587
1388 9
439 274
636 492
1465 1142
1712 375
1574 396
552 187
1312 1095
674 377
624 111
812 694
706 296
804 168
1548 9
349 242
852 828
782 176
246 239
1379 323
577 300
623 238
803 512
1065 178
274 59
190 11
193 176
492 261
1148 1070
535 313
1073 668
245 70
649 493
1042 44
538 467
1607 237
699 542
1357 881
633 494
313 296
761 138
1399 159
763 356
665 507
384 136
749 54
1489 1472
688 456
727 632
509 245
832 255
667 145
1611 27
65 21
965 179
1559 626
1103 291
615 100
1169 87
169 64
931 128
1591 58
562 8
1222 787
795 351
204 96
145 44
464 211
1029 203
1621 636
724 25
1536 903
378 30
705 702
579 255
550 53
1050 299
439 3
691 538
844 579
273 59
507 390
250 239
406 400
74 27
1091 358
284 63
244 161
1446 511
570 420
256 203
580 380
1651 615
711 578
492 392
347 70
539 303
1397 179
491 102
844 535
295 169
669 668
458 3
512 465
931 130
895 330
1037 446
316 117
831 277
142 46
1475 166
1648 237
502 483
348 244
490 157
664 94
632 332
493 347
789 46
1268 80
853 158
1833 144
577 495
70 67
1213 198
572 571
81 78
964 913
597 474
591 474
731 347
377 376
360 203
1185 1184
177 143
274 46
667 92
654 160
466 117
1489 433
1137 260
270 23
1474 622
1671 16
1299 54
925 8
1015 59
649 87
780 552
496 349
1711 1584
726 127
659 426
400 398
204 47
636 630
61 45
625 444
703 296
1383 793
910 325
175 9
508 347
1168 169
305 64
932 158
1658 1657
258 95
404 7
260 23
1172 300
1044 439
121 98
572 95
883 465
1553 705
55 54
253 238
917 482
441 349
1475 211
618 465
791 351
507 245
390 45
562 527
1183 44
1313 167
1594 552
1685 677
309 303
179 91
97 23
1091 620
230 96
1218 1215
372 134
851 87
624 621
583 577
649 153
131 2
510 460
982 892
26 9
588 44
956 260
695 536
1079 348
446 331
92 75
472 469
1795 438
542 476
698 124
931 349
835 419
1091 618
1743 261
509 496
1039 762
541 300
314 313
1638 260
464 158
251 230
305 63
61 47
354 169
1092 166
1040 70
1397 847
217 46
1823 881
327 176
839 235
905 45
791 151
634 630
737 72
1092 349
476 39
53 2
1204 335
238 177
389 238
333 20
736 575
70 63
150 59
689 123
339 318
1689 817
195 168
851 828
344 169
349 111
512 162
508 158
320 318
280 65
40 32
1604 1220
515 153
1649 1475
1443 511
1023 168
542 30
493 211
1181 1095
150 108
158 119
582 240
1472 251
920 764
443 54
1233 87
176 143
1465 237
351 165
1163 419
68 65
1662 411
1252 987
467 366
1565 257
1209 231
1081 347
242 241
133 23
588 9
253 95
162 154
754 260
174 170
140 3
539 82
267 67
487 483
878 55
1365 85
72 67
741 54
1465 113
519 164
631 579
507 158
176 118
491 438
1216 177
773 623
465 245
831 156
1225 135
117 81
245 44
508 157
1333 23
263 46
776 10
412 408
1405 65
1100 44
982 454
1030 23
727 574
989 797
1264 169
700 537
431 205
554 439
1446 44
1469 157
606 253
1485 667
1597 461
345 70
504 176
1086 110
506 483
587 552
1016 889
1833 143
911 137
557 118
864 863
409 408
1413 2
295 79
827 87
1278 68
773 357
75 19
683 153
629 628
1103 181
727 491
644 102
835 188
740 737
1023 237
665 95
1726 1247
711 30
1325 238
484 165
681 177
262 260
347 127
331 11
813 695
994 992
144 46
1050 297
1591 1213
841 193
618 187
1143 110
1278 238
309 64
1014 124
1571 85
338 251
193 177
559 102
299 185
331 48
720 30
508 260
864 67
316 99
356 346
181 176
1392 512
306 85
797 65
509 460
519 167
796 293
929 240
257 64
118 103
1113 642
577 258
1776 1011
970 361
1711 562
1013 763
139 59
264 47
72 21
506 48
237 57
1058 371
973 465
525 65
717 30
1341 1068
1633 548
646 642
200 96
606 89
75 17
719 26
273 244
1441 137
1185 65
905 44
623 111
446 259
349 103
928 238
833 509
1571 453
1306 572
1426 1319
669 537
1203 546
382 128
1177 353
1157 421
178 59
23 11
1343 371
1693 169
1327 117
376 130
530 523
1278 67
526 459
550 54
171 23
1127 812
656 521
356 149
1142 362
982 77
485 107
1134 360
760 757
465 70
720 29
559 117
552 347
895 321
1329 321
613 237
211 178
1230 448
718 24
1366 527
559 484
1401 179
94 90
568 46
704 296
170 47
466 356
97 27
1366 244
700 540
460 330
169 152
163 159
520 164
168 72
636 47
1727 293
973 123
66 15
37 36
1060 1059
1546 783
278 169
1251 446
1712 439
649 333
195 2
682 535
996 179
379 127
1391 179
227 185
631 630
649 110
546 371
579 521
643 44
446 330
1391 1386
375 129
148 138
234 163
445 431
510 46
454 452
929 237
118 98
1608 165
649 491
1260 1151
418 140
554 211
429 196
392 48
1220 796
848 158
564 48
1278 593
238 178
178 48
965 177
582 104
997 299
798 788
552 53
508 211
743 59
1250 119
1796 1781
511 243
824 453
314 158
1647 237
1144 373
884 805
153 88
557 484
790 402
152 45
374 128
1837 1345
356 244
832 48
789 203
262 63
565 237
469 308
535 293
493 158
1191 85
1270 1167
617 166
741 593
1748 169
173 154
841 236
67 21
699 123
1134 262
374 131
1059 5
1312 458
669 93
356 133
387 53
461 457
1697 80
483 346
491 211
761 85
724 491
385 330
536 476
300 37
649 499
439 176
621 3
168 111
800 349
494 439
1097 87
651 137
331 47
357 71
1134 788
346 345
782 377
635 45
477 87
460 102
137 107
87 34
488 121
1284 52
1030 673
460 58
296 8
656 252
278 40
1406 438
1371 124
1010 349
566 511
1443 1441
739 510
280 96
851 472
1407 575
1609 168
282 64
1258 255
374 133
931 358
328 322
636 525
701 30
1267 1266
1296 746
938 934
177 59
1064 348
143 127
1188 402
1223 787
276 193
942 783
654 137
557 107
323 48
389 217
1451 352
347 245
964 917
966 914
727 494
244 2
1405 1322
1553 229
493 390
797 67
910 11
795 642
1445 47
684 536
1250 572
1243 248
527 509
493 356
597 479
519 166
1311 102
1450 122
631 495
1015 48
685 123
1551 169
610 176
512 506
831 11
505 157
1334 228
656 168
649 497
521 111
629 474
603 149
352 164
497 211
1763 741
194 91
314 121
895 342
818 816
1549 622
296 64
988 375
634 494
1683 1682
519 8
1306 258
699 536
663 93
924 923
75 18
1377 331
511 507
31 27
753 261
222 96
467 37
1146 111
617 357
727 635
1091 356
726 495
723 29
668 299
1120 433
1103 363
65 15
1138 791
888 351
327 153
1091 163
1558 10
243 239
724 494
1698 950
833 48
65 16
1143 563
649 85
660 423
1032 824
521 158
1138 15
1387 211
991 797
1469 790
686 470
378 3
293 188
845 249
916 17
560 466
582 351
692 278
727 128
1448 44
417 169
669 87
372 132
1818 881
518 46
651 505
1168 300
1168 299
738 238
1351 1348
642 23
975 296
554 375
515 47
828 4
761 359
799 631
420 344
848 169
962 961
542 300
568 179
773 553
149 124
551 103
494 177
453 124
203 133
17 12
447 199
325 176
1015 44
727 255
1607 1479
1406 439
698 539
179 5
535 89
908 459
177 8
844 331
1269 1209
769 677
140 123
275 245
497 375
1072 57
1329 320
1340 896
942 374
494 168
1665 796
333 169
253 176
224 169
621 554
247 157
892 711
711 26
779 418
67 15
814 695
1130 812
650 513
251 164
581 108
1367 176
1145 81
278 63
518 483
466 167
1110 1021
1313 615
215 97
795 203
363 345
520 2
1101 237
474 36
661 435
1747 183
537 82
1397 831
562 237
563 211
982 606
643 441
204 45
437 55
177 157
1190 400
198 140
397 395
828 301
552 327
1608 163
685 537
122 98
1014 237
566 314
1651 375
807 740
725 488
345 10
1668 52
1692 817
1592 333
899 145
494 158
1257 169
537 454
1091 164
690 537
1440 46
1832 458
582 465
98 59
438 53
573 66
1381 458
449 428
1080 346
495 356
925 621
1422 245
467 34
740 117
85 63
592 577
1086 349
411 87
1501 102
1400 171
645 44
539 523
850 297
528 376
497 391
259 251
577 54
1429 44
220 77
888 738
752 464
499 111
97 75
286 149
254 137
1068 270
37 32
473 35
1629 1600
117 103
415 30
238 109
170 23
628 446
1312 941
1622 636
137 98
458 101
382 129
1388 99
605 577
1297 746
538 40
130 9
580 498
998 996
376 53
484 158
522 317
1091 238
479 258
1109 741
651 501
1253 114
807 99
1270 829
1711 458
177 17
335 45
1431 578
1001 52
591 135
1375 123
726 496
1446 510
1254 253
507 438
1702 58
178 157
1383 791
733 46
794 351
507 168
779 102
539 85
233 118
221 124
910 324
988 128
1193 140
1043 44
296 177
562 168
1122 820
483 137
1136 485
1785 753
1441 145
577 464
557 137
205 184
458 376
497 59
356 103
883 44
1453 210
431 422
684 537
725 237
656 47
200 97
357 46
1214 11
1334 225
466 107
1394 3
297 37
316 119
331 168
649 579
252 85
380 237
931 793
773 458
888 559
373 260
888 649
1092 164
496 278
841 460
1024 581
751 234
1555 1359
1014 123
1444 45
281 64
663 262
592 135
681 178
217 97
779 651
977 59
888 247
1398 179
503 118
551 439
724 496
933 117
559 126
113 69
521 281
991 299
965 3
977 26
669 467
1257 255
516 491
709 677
488 140
891 137
1315 1096
1208 1177
559 551
439 275
1085 782
108 58
1308 54
237 137
577 140
53 52
218 65
244 137
491 298
179 4
1110 54
1443 48
278 82
756 358
835 380
1571 454
1554 229
667 666
537 415
1278 248
491 237
931 127
374 110
801 236
371 153
348 70
1461 1216
846 828
378 177
293 290
1313 554
730 203
372 144
270 30
1169 300
1109 53
1820 881
492 130
1156 410
574 145
649 506
567 331
807 387
552 246
1032 825
1366 1040
446 95
1113 1106
1020 347
1154 419
351 167
709 137
70 64
925 348
496 193
562 251
800 347
1108 741
613 526
275 193
850 158
383 359
356 167
909 211
754 525
257 63
137 5
1316 763
255 176
654 136
495 347
988 376
731 331
841 238
1121 818
1147 169
494 237
977 254
1068 699
405 400
1086 10
552 277
508 246
760 96
761 237
727 572
291 63
1391 176
567 564
1781 1565
1468 359
879 510
507 347
765 761
1394 178
508 371
143 130
484 195
895 335
377 46
388 238
380 149
1073 536
490 101
327 318
1135 323
415 278
691 87
738 237
991 362
1442 45
1408 1291
566 510
147 64
498 59
1370 251
1004 25
1002 52
157 154
374 129
577 237
931 792
489 169
591 157
1003 438
1110 1106
529 314
356 345
659 425
779 358
768 740
626 197
1095 376
539 30
593 466
1116 177
335 318
468 303
493 349
790 754
834 727
377 134
1590 581
1046 10
275 203
593 193
683 535
650 178
112 98
982 278
925 242
998 169
932 136
1003 726
866 461
378 110
734 460
458 23
627 617
644 349
1772 605
853 828
773 439
769 711
473 39
788 385
736 574
1355 1258
305 296
59 44
692 87
388 217
1711 244
624 552
380 360
1573 396
554 347
501 118
356 352
1083 346
1761 44
1639 296
565 511
1576 1471
739 511
391 45
498 44
778 278
178 4
291 251
244 62
577 515
1248 1020
1857 621
746 744
1443 47
1564 237
488 2
488 120
1370 291
244 9
773 50
1102 578
895 328
484 164
895 343
1247 550
260 76
614 460
346 122
1139 15
491 193
779 23
606 188
821 401
930 438
318 91
346 121
948 140
653 161
575 446
621 238
206 65
580 9
1011 1010
554 53
224 65
1176 135
498 102
324 256
1050 87
263 64
774 556
560 237
1016 45
336 318
168 25
373 129
492 126
247 201
551 356
1022 114
470 87
1327 562
1366 562
1314 510
606 35
651 466
117 44
788 402
1243 1242
563 528
173 9
169 153
381 132
488 458
1199 736
800 122
636 491
65 63
281 137
626 245
464 238
1468 789
976 26
1125 570
381 131
796 331
1074 472
1569 581
137 58
552 503
635 494
70 2
1258 252
80 78
726 130
437 436
426 419
229 65
525 524
316 238
510 45
456 454
104 59
439 276
668 95
1271 1014
1565 4
384 359
1575 137
722 27
1173 756
520 44
1440 121
1406 112
713 420
568 564
1366 526
360 274
637 185
1520 881
1074 471
149 5
1650 238
1647 238
649 356
606 472
577 439
1323 62
664 47
237 23
1681 87
1314 118
536 87
321 319
386 179
578 94
552 420
1723 145
308 64
579 261
911 884
788 46
1213 360
418 161
580 556
541 298
593 573
1480 618
511 493
523 273
1455 261
1793 211
558 167
1728 292
730 23
313 2
931 529
752 437
660 429
963 916
520 9
240 237
147 63
251 196
905 841
1223 688
1554 296
270 27
660 432
354 137
385 131
1776 117
906 841
1134 789
552 494
523 456
751 45
331 44
562 551
983 982
168 2
380 132
447 296
346 237
519 2
876 379
664 573
593 169
600 474
631 45
212 96
618 560
743 580
888 178
764 117
790 404
998 299
1137 262
479 137
157 111
580 352
716 30
97 67
1312 1207
136 9
621 177
1506 175
789 755
1609 167
377 211
644 358
293 88
988 54
523 276
356 132
1129 813
658 188
602 190
1002 25
378 296
286 64
665 47
1085 349
260 58
650 176
796 204
1439 44
238 187
260 46
991 221
1050 169
1182 380
275 45
560 551
374 126
623 195
1138 263
158 2
464 438
142 47
954 586
588 177
668 300
119 103
1479 618
558 56
441 346
369 364
661 428
383 133
488 168
690 539
475 446
498 45
1040 316
915 16
573 571
279 76
579 379
281 181
498 392
476 123
296 195
203 134
127 58
502 465
1488 629
1280 623
665 65
1442 47
216 96
1741 1621
615 613
251 137
441 316
513 483
940 783
1617 451
488 26
998 297
1406 356
211 2
1424 245
1225 179
75 65
840 45
1725 570
1606 118
465 237
694 536
137 9
987 963
940 782
151 137
1042 613
246 245
518 164
1022 112
617 465
579 460
171 63
998 87
475 331
1083 349
1177 458
498 247
561 118
740 375
299 85
470 169
681 111
537 476
1581 904
836 235
1127 810
510 313
833 832
507 260
204 48
635 332
819 137
1022 211
932 273
150 44
1077 378
1043 1039
662 426
1811 579
749 358
1253 255
635 438
791 263
1605 2
669 123
492 59
1432 44
124 98
458 168
333 298
255 3
277 4
117 59
1666 1499
380 273
477 278
895 341
238 157
42 25
551 164
774 102
459 349
1074 467
727 497
495 58
260 164
565 161
742 45
554 484
616 419
739 509
769 177
488 158
937 904
1015 45
1073 124
469 311
376 132
793 552
1382 278
1047 764
292 153
1166 299
681 605
474 418
379 237
347 178
741 737
368 263
578 328
1271 621
636 507
956 76
533 378
1406 1001
466 125
1035 825
124 92
993 420
650 515
491 246
806 62
536 467
727 585
469 306
1435 44
547 545
1201 237
137 23
761 83
1389 1042
251 89
1595 689
168 161
765 26
890 221
751 316
1136 66
1192 291
1688 171
380 160
197 65
888 804
909 237
698 123
651 153
94 75
1392 178
763 117
1418 909
581 466
361 150
640 638
23 22
498 260
762 118
99 47
790 755
365 345
982 156
930 711
498 47
622 102
579 62
891 439
1098 1097
255 239
727 55
380 127
174 154
507 172
1262 254
704 702
132 98
1734 251
1217 1215
540 303
503 460
411 169
1278 864
203 47
552 250
926 581
846 834
543 89
1504 169
693 539
642 342
660 424
593 3
1102 168
1377 479
446 258
941 939
938 53
929 238
737 260
539 279
458 375
483 349
1044 444
418 171
125 98
541 523
1318 54
1306 574
588 510
1236 48
1173 443
118 86
1738 912
220 52
615 527
351 347
281 85
788 515
1326 168
1142 373
551 237
462 47
465 168
520 483
716 24
1238 1037
533 8
1577 1471
983 203
1022 113
846 248
717 25
1085 347
613 490
911 910
211 53
1029 673
1250 736
470 460
465 460
1743 145
1334 205
509 119
483 10
237 195
1389 1041
737 99
1191 402
594 176
1103 497
372 130
162 160
296 181
982 123
390 48
1793 375
572 66
1298 745
1224 965
1116 888
983 328
507 173
512 464
376 217
727 511
1128 809
1429 46
165 154
557 109
1738 492
1130 814
177 149
1189 760
636 529
497 438
532 523
538 303
497 158
327 177
221 123
693 456
773 375
1421 274
26 22
347 102
652 582
305 79
1029 23
1851 140
1023 238
474 47
1754 1753
256 64
740 624
751 711
656 642
852 158
562 117
913 15
351 133
581 458
268 199
930 237
664 45
745 744
465 5
885 230
685 538
900 330
1115 85
1440 801
957 176
446 20
787 786
1375 278
899 330
753 741
1183 238
885 447
497 245
1584 191
316 164
727 127
915 17
373 128
731 47
491 59
294 63
198 175
384 129
494 390
384 168
805 512
982 45
632 187
582 562
701 538
465 158
505 48
1286 48
1480 1293
879 46
1055 1054
664 460
44 9
609 3
491 238
695 123
1324 245
1132 888
270 63
419 344
698 541
563 551
726 349
377 53
296 169
373 133
379 130
1112 1106
942 54
726 320
659 432
707 702
927 250
385 126
518 140
1136 245
1000 42
205 65
378 278
562 238
833 47
624 587
1662 410
250 187
1036 446
927 356
322 96
828 27
521 44
1173 273
466 349
988 835
582 577
205 96
193 70
237 160
352 114
932 275
649 535
695 278
1200 48
1392 888
786 456
1663 1176
378 178
920 135
118 23
1384 260
728 586
650 502
659 429
196 97
789 274
483 168
469 307
254 238
900 606
1443 509
933 242
983 193
606 123
557 108
471 467
601 190
1399 158
1560 1206
1133 888
1105 263
1500 1243
467 38
565 314
1651 438
891 649
1391 329
606 470
1762 1565
720 27
521 260
241 61
888 143
831 331
577 254
1522 751
504 195
168 154
1251 400
577 297
385 129
1305 573
239 137
231 66
1441 45
1634 40
297 63
415 124
375 30
832 254
536 169
544 438
515 163
1062 64
1236 314
162 161
1573 454
1210 246
649 465
606 536
567 44
279 123
331 170
912 140
642 178
1158 983
997 300
179 137
681 503
617 237
87 37
558 163
131 9
251 158
799 633
349 71
768 761
825 85
1375 536
251 64
508 390
242 118
143 131
526 509
345 85
994 360
725 322
1451 377
792 203
1476 621
509 497
476 33
1311 54
106 103
496 451
1373 123
354 149
508 195
1564 4
890 763
507 349
1612 152
495 349
1431 1236
1187 760
636 493
413 188
816 400
431 27
258 153
884 168
251 239
493 246
464 44
840 44
586 559
931 102
535 238
658 474
1312 119
650 168
346 102
103 98
742 438
831 188
735 572
264 63
140 98
502 324
652 160
595 479
1312 940
205 66
1189 402
1552 707
965 913
1572 453
782 739
1082 55
148 139
844 277
1310 56
1330 1329
1537 727
167 117
344 284
15 14
1023 509
930 85
320 279
521 373
1086 346
754 359
328 318
509 195
213 96
466 168
203 191
466 58
419 157
366 345
383 127
700 28
1083 237
624 238
692 456
1200 46
441 238
275 58
205 183
740 593
1017 890
1102 46
1081 346
1039 907
348 168
118 70
536 221
929 110
581 104
686 124
1366 908
912 111
474 383
729 211
1363 941
521 177
1485 668
181 178
774 636
279 63
774 109
468 302
1286 521
509 508
1324 3
1830 1176
176 5
373 265
246 137
912 48
67 44
622 316
395 85
659 230
1091 1043
1348 168
537 85
621 254
523 59
562 561
382 133
814 693
582 238
181 3
511 47
373 145
1116 751
890 484
46 9
969 968
673 350
717 573
665 44
775 556
1395 179
49 43
1432 45
1492 711
804 625
260 166
1040 104
615 313
158 10
639 458
1329 292
1552 662
838 235
1409 263
1251 1036
1406 441
360 330
761 47
1589 552
1077 207
502 118
145 133
730 494
1254 820
1551 87
749 347
383 134
727 509
109 58
669 95
998 296
577 53
711 168
888 137
431 225
458 457
193 178
681 26
1692 87
573 446
356 251
358 149
660 87
803 168
1046 348
168 62
279 278
657 515
551 8
475 34
755 525
268 63
521 178
474 45
75 21
507 483
318 4
926 557
1626 66
327 152
420 418
977 607
233 164
431 227
1606 2
331 102
1207 1177
1083 460
538 476
415 27
351 349
1104 325
659 423
1613 1077
699 27
681 490
725 320
383 131
1144 510
1435 45
727 275
1464 614
1327 238
351 131
343 251
356 241
562 40
691 124
376 126
177 122
1085 316
383 126
127 3
842 234
439 168
775 111
1268 1266
563 511
1027 750
1251 254
644 354
316 315
900 145
907 841
1587 291
110 108
348 237
578 577
909 881
1263 238
636 511
266 66
613 164
1432 1292
1448 509
1539 375
458 177
386 296
1115 453
1128 812
527 237
1291 488
539 397
651 503
694 467
59 51
235 232
462 45
975 124
1468 909
700 536
326 325
678 406
973 3
660 435
356 211
431 228
748 747
1081 623
1074 169
9 1
642 340
356 159
606 87
857 856
356 136
199 97
750 437
725 543
914 65
957 137
136 52
523 124
490 106
980 978
1254 822
727 77
681 115
1564 137
927 110
761 484
528 438
782 2
330 117
888 356
132 23
126 102
512 160
881 606
567 505
1127 811
676 573
515 483
177 89
1225 579
1776 118
161 137
239 193
1292 117
718 27
521 23
717 23
804 150
255 199
1173 1020
1542 110
689 537
644 70
754 221
927 245
697 538
179 122
438 273
1128 815
515 360
864 70
559 351
170 155
574 153
773 561
730 383
1022 58
1444 46
448 445
1057 748
138 8
783 726
263 20
910 5
895 188
1557 1251
1433 45
176 89
1253 113
402 208
72 64
807 260
275 237
621 253
686 536
490 2
711 554
993 136
1306 665
492 483
132 9
1083 238
567 295
549 25
573 257
97 74
1471 1376
631 176
1611 1098
965 918
1604 835
469 303
1472 1376
476 456
789 273
1428 1426
643 118
691 278
137 46
177 5
782 177
372 126
1243 268
492 438
606 179
437 23
117 83
1313 163
1642 1641
258 63
667 93
448 369
1039 527
1386 648
368 359
331 318
495 168
651 491
1479 389
800 348
1489 432
1107 741
614 168
1113 46
1014 117
973 347
623 356
430 228
1282 203
494 356
1457 176
402 40
356 164
1363 942
172 170
313 238
87 35
371 118
1312 54
507 237
483 273
380 330
498 439
492 238
270 64
348 57
789 402
461 234
211 96
335 237
9 3
649 245
465 104
830 827
461 460
156 76
881 880
1455 325
385 275
334 318
1789 383
209 65
110 58
1174 1173
508 439
507 297
681 136
725 508
143 129
699 30
387 347
290 63
1362 1158
630 47
476 34
636 48
1039 526
150 46
348 122
523 153
307 303
609 177
1036 1017
156 44
1084 211
521 238
1274 185
526 313
580 496
1191 403
1571 397
386 177
768 460
725 504
1036 80
982 254
348 158
897 179
1041 44
1440 44
178 154
674 237
693 124
465 47
87 38
692 606
291 153
649 171
258 64
582 178
776 58
1616 514
789 383
1552 296
624 617
322 94
1151 293
588 577
727 358
1299 53
373 130
294 251
1464 509
856 541
345 150
557 104
382 134
1352 512
1083 1041
566 331
546 481
726 138
458 211
1250 664
96 64
965 178
467 434
366 40
755 373
276 245
368 255
288 63
467 79
413 84
460 291
492 390
1762 909
1136 65
1435 460
1278 237
1549 323
1816 1815
895 329
1078 348
1032 137
955 493
494 149
403 7
1597 2
376 57
1087 347
389 237
87 36
1198 230
1469 158
420 124
296 278
883 805
1168 297
1637 260
644 346
502 117
383 128
541 476
1257 268
39 35
273 45
1029 366
725 493
1475 439
515 484
1701 1036
1302 1301
474 331
163 118
333 300
58 3
602 137
753 739
681 495
523 110
770 710
842 26
66 16
466 122
922 573
251 228
1064 102
1610 80
311 64
117 89
255 221
733 494
651 496
897 176
459 2
1080 238
642 169
997 169
837 237
761 410
749 211
1197 230
559 237
1257 252
563 458
837 234
849 472
1324 193
156 77
126 103
1590 510
725 3
797 260
1305 572
579 26
498 281
1470 460
227 96
728 237
1466 237
178 89
508 47
773 197
402 209
469 305
429 422
941 783
621 255
465 48
747 515
535 523
755 260
554 377
635 117
293 228
673 29
1005 25
102 2
1609 163
458 380
180 26
958 909
808 687
828 87
1655 8
574 446
789 23
1628 150
988 348
493 237
207 97
334 156
665 219
1540 238
737 177
1777 121
734 371
354 253
649 543
1219 835
913 910
928 356
1337 292
373 262
206 66
740 177
565 48
940 752
251 72
438 149
661 427
945 570
1286 158
665 94
137 59
1424 193
1280 66
1674 375
1336 294
552 465
255 203
1433 44
726 493
118 44
1302 54
1465 238
322 111
911 244
1412 738
1553 706
951 871
260 64
349 70
419 250
577 355
1548 762
1694 472
1791 93
228 65
872 869
1485 629
1489 251
689 278
1548 1091
763 296
235 44
554 54
654 242
625 244
763 238
1075 85
1085 783
614 490
456 82
260 168
1324 465
563 137
813 691
1146 912
554 438
273 245
242 168
546 545
1381 982
806 566
156 66
761 82
39 34
632 117
743 626
593 459
649 176
145 23
430 196
847 472
1388 460
1371 123
219 96
1099 179
607 211
429 210
1094 53
75 16
662 428
72 68
201 65
324 193
552 10
193 58
973 348
711 252
664 219
768 157
291 260
1267 820
753 4
1267 1036
693 169
194 92
485 238
483 348
1702 460
237 158
697 542
193 62
575 95
758 208
261 157
336 327
438 3
731 507
217 65
1171 296
651 237
852 472
879 651
701 540
790 274
1443 45
401 400
712 361
1056 336
145 117
1467 788
1432 47
654 245
1403 177
909 841
1382 982
664 44
957 512
1250 573
492 247
1569 238
535 371
226 96
1325 1041
1083 45
418 160
1258 253
238 153
508 349
493 313
178 17
1143 362
464 375
1216 3
1247 1020
1597 460
348 69
483 175
633 45
1581 654
552 255
787 300
1694 87
1494 711
420 288
347 244
828 252
1203 548
536 415
982 296
260 63
247 5
841 751
990 797
729 496
844 188
1550 65
1759 1758
36 32
794 263
767 117
642 136
1465 613
441 436
236 232
568 47
751 278
651 506
129 3
498 261
1020 349
260 3
546 137
716 29
1519 1312
124 58
356 8
1359 521
492 193
588 3
1616 516
209 183
465 143
554 349
727 252
928 347
1480 755
562 466
1729 881
1391 178
381 128
19 13
1437 46
356 235
462 457
1136 263
191 170
740 443
891 492
203 136
73 21
511 45
406 398
1625 952
642 419
1109 1021
556 380
415 29
1082 349
1190 403
725 505
122 3
1116 176
1315 1095
810 695
694 278
352 126
497 77
1305 259
766 137
349 137
1112 145
237 108
379 45
1206 1205
652 581
920 47
632 492
1455 260
911 502
789 403
1373 278
1396 3
727 76
349 8
773 119
130 102
551 438
1855 237
1143 1086
111 42
397 229
588 45
467 295
373 359
730 562
1314 904
346 8
1502 940
344 188
656 178
1165 420
1549 321
214 96
709 177
1475 238
841 749
963 918
1416 183
976 260
490 237
698 540
922 572
244 237
895 665
244 239
1146 23
511 46
237 178
220 96
642 562
1781 149
1421 275
1192 796
512 324
331 137
475 298
579 10
1201 54
1169 467
168 44
1593 552
599 479
1023 375
699 278
692 124
128 46
845 333
651 2
237 10
1034 67
1234 137
586 52
374 58
247 118
1312 581
644 238
274 64
110 52
577 493
496 211
1255 45
296 124
255 111
177 128
593 47
615 423
574 257
130 23
1475 621
580 579
681 238
1091 347
988 129
453 452
1436 47
122 45
1243 846
316 102
610 420
177 137
1834 52
259 145
123 92
1086 70
824 188
133 9
602 135
247 217
660 428
